999 1475
999 1436
999 1410
999 1376
997 1344
1040 1356
1053 1347
1090 1395
1112 1382
1256 1395
1256 1359
1317 1363
1344 1382
1411 1389
1405 1409
1329 1414
1379 1442
1402 1444
1337 1457
1283 1429
1258 1431
1165 1418
1169 1391
1211 1363
1216 1438
1118 1441
1059 1416
1076 1437
842 1466
834 1419
836 1412
828 1469
871 1317
881 1271
883 1254
929 1202
1000 1193
1013 1154
1053 1157
1084 1172
1112 1155
1155 1142
1183 1149
1193 1176
1254 1197
1270 1176
1283 1115
1285 1103
1209 1096
1238 1055
1254 1068
1327 1060
1295 1020
1299 1039
1246 1021
1195 1017
1181 1041
1027 1027
1029 1014
1011 997
1007 1013
1033 1001
1035 932
1049 943
1059 915
1029 925
1011 942
1011 942
954 962
954 947
1009 890
1021 875
1033 861
1041 874
1049 854
1076 841
1039 847
1027 820
1019 834
1021 834
1045 824
1017 812
1366 763
1376 707
1421 733
1445 754
1490 724
1483 666
1532 699
1530 739
1475 791
1459 870
1416 847
1467 840
1506 894
1524 950
1542 903
1556 875
1561 829
1585 951
1542 986
1528 1025
1548 1074
1569 1094
1563 1180
1550 1169
1510 1280
1550 1244
1552 1269
1518 1268
1483 1268
1461 1276
1019 634
958 606
992 554
1059 576
1039 600
952 578
862 600
911 549
919 525
1039 526
1049 486
1053 456
1065 438
1080 454
1098 445
1011 477
994 426
970 466
933 470
978 493
1224 619
1258 597
1297 610
1337 555
1309 520
1358 490
1372 545
1258 528
1224 529
1287 393
1315 436
1384 381
1376 310
1418 348
1335 347
1335 327
1297 354
1268 333
1230 321
1254 323
1230 336
1230 336
1145 397
1140 362
1177 369
1138 385
1153 318
1216 281
1287 252
1343 274
1380 257
1402 273
1498 326
1496 361
1463 439
1437 409
1487 422
1483 380
1461 407
1449 389
1447 675
1473 583
1524 547
1524 483
1567 506
1579 447
1412 1062
1400 1003
1384 954
1321 967
1313 900
1280 897
1250 922
1234 968
1453 1393
1494 1431
1372 1497
1309 1530
1264 1499
1187 1529
1169 1516
1311 1514
1384 1512
1469 1523
1520 1498
1550 1548
1358 1598
1313 1576
1187 1578
1124 1569
1098 1553
1047 1537
1055 1570
1009 1521
948 1509
893 901
938 738
1380 747
1311 713
1327 683
1382 607
1376 472
1380 439
1280 474
1214 434
1173 444
1179 487
1043 423
1035 395
990 381
978 362
960 349
935 370
1059 287
1025 316
1084 330
1043 348
1067 314
1167 281
1151 262
1122 219
1116 165
1082 181
1027 157
980 159
940 170
978 206
1004 183
917 199
1449 53
1386 94
1408 104
1449 99
1479 88
1548 51
1528 32
1510 31
1465 168
1473 202
1542 214
1538 251
1453 236
1394 217
1303 200
1343 162
1307 127
1272 98
1289 38
1244 32
1211 21
1177 10
1151 19
1073 22
1106 113
1094 97
1073 85
1043 96
1035 89
1084 107
1073 127
1071 159
1043 205
891 152
974 481
911 567
856 585
830 587
915 667
933 628
978 637
871 651
1023 648
1015 664
929 711
919 1303
915 1271
911 1246
883 1297
950 1514
1037 1469
1021 1447
1100 1445
1086 1300
1102 1304
1163 1303
1147 1302
1218 1303
1453 1354
1433 1336
1467 1321
1520 1343
1552 1334
1565 1310
1559 1393
1520 1421
1542 1457
1571 1444
1479 1456
956 232
1025 223
1045 239
1067 230
1007 239
909 235
887 216
893 173
933 191
1057 112
1065 101
1071 90
1051 76
1041 37
1382 72
1376 26
1404 33
1451 32
1477 27
1473 21
1425 30
1433 18
1418 9
1479 10
1437 151
1410 161
1398 151
1386 197
1416 189
1496 143
1502 128
1398 125
1356 132
1291 151
1258 147
1244 81
1278 56
1230 79
1197 69
1169 53
1183 84
1185 108
1226 95
1216 120
1167 104
1159 65
1325 299
1394 291
1431 296
1406 334
1368 356
1402 360
1347 371
1345 397
1331 458
1335 420
1287 424
1276 436
1220 403
1228 364
1280 369
1325 609
1301 598
1287 578
1283 569
1329 650
1250 642
1307 627
1287 649
1222 650
1061 687
1031 676
972 676
940 675
907 684
873 682
879 663
929 642
899 630
923 588
1264 355
1274 875
1272 870
1272 866
1293 853
1248 873
1214 754
1205 767
1244 769
1301 775
1325 766
1382 797
1412 785
1477 815
1498 802
1532 787
1542 799
1581 764
1502 773
1516 755
1561 750
1571 676
1556 634
1565 605
1563 572
1524 581
1496 558
1429 567
1362 1230
1370 1194
1396 1171
1410 1197
1449 1186
1451 1116
1414 1118
1418 1094
1453 1063
1447 1044
1418 1039
1388 1034
1368 984
1325 996
1234 999
1161 984
1136 992
1136 1040
1177 1071
1211 1068
1189 1114
1171 1100
1138 1174
1100 1133
1065 1131
1023 1135
1033 1182
1110 1206
1049 1248
1013 1241
1023 1221
1203 1226
1187 1242
1254 1242
1175 1277
1252 1272
1248 1278
1199 1281
1195 1262
1120 1273
1080 1308
1043 1377
1104 1355
1179 1359
1195 1537
1207 1513
1203 1503
1258 1510
1252 1541
1408 1586
1364 1583
1362 1566
1276 1573
1256 1587
1045 1584
1011 1570
1041 1550
899 1579
873 1578
881 1563
881 1550
885 1537
903 1466
901 1455
873 1376
875 1369
881 1313
891 1262
909 1256
927 1191
917 1164
919 1137
933 964
940 946
891 970
885 752
925 815
909 778
1013 956
1065 929
1023 909
1013 845
1009 767
1000 787
931 739
917 718
905 374
942 354
1071 425
1076 406
1076 387
1013 372
1013 358
1027 325
1073 334
1061 324
1013 339
960 286
964 298
885 370
871 360
848 34
856 47
860 35
1116 89
1092 84
1094 82
1094 81
1159 92
1147 84
1226 51
1209 51
1216 11
1270 124
1341 56
1323 105
1341 39
1323 18
1339 13
1341 33
1325 37
1313 60
1402 71
1398 54
1471 78
1481 62
1510 69
1510 51
1487 50
1443 81
1435 58
1421 60
1443 261
1498 255
1502 226
1443 227
1443 207
1412 231
1360 224
1331 216
1356 181
1341 202
1291 189
1278 199
1268 212
1356 294
1317 286
1280 316
1280 304
1080 667
1061 641
1071 635
1100 626
1102 608
1096 592
1098 572
1055 541
1059 550
1116 539
1228 568
1216 578
1197 545
1262 547
1301 546
1327 552
1435 537
1384 517
1412 488
1435 509
1439 490
1425 449
1408 458
1435 462
1410 420
1378 418
1352 442
1311 451
1260 450
1242 438
1244 422
1199 425
1179 467
1147 467
1122 444
1112 453
1134 456
1080 475
1078 486
1025 462
1055 329
1283 346
1248 380
1311 454
1317 520
1264 506
1327 489
1481 702
1508 688
1492 621
1437 610
1429 588
1471 605
1510 597
1532 616
1559 496
1559 472
1577 475
1571 361
1552 293
1528 282
1536 323
1563 305
1577 325
1561 338
1542 365
1565 389
1565 399
1559 402
1514 404
1376 795
1341 802
1301 809
1250 899
1295 889
1345 866
1347 875
1412 985
1370 1080
1390 1080
1372 1350
1364 1332
1305 1317
1280 1305
1252 1313
1138 1368
1157 1529
1136 1501
1080 1481
1061 1497
1011 1481
1017 1501
960 1525
938 1524
964 1517
1027 1530
1138 1520
1167 1498
1171 1578
1193 1572
1220 1561
1207 1553
1228 1545
1228 1526
1280 1526
1274 1537
1291 1541
1303 1500
1297 1518
1473 1584
1508 1576
1471 1559
1494 1539
1504 1523
1522 1521
1542 1535
1205 1383
1207 1408
1278 1416
1329 1390
1291 1384
1303 1398
1214 1472
1120 1477
1120 1409
1049 1522
1045 1510
1065 1181
1088 1197
1067 1214
1025 1210
1114 1237
1159 1242
1151 1224
1165 1189
1189 1201
1274 1218
1303 1239
1246 631
1258 616
1266 627
1317 639
1335 629
1335 600
1333 589
1325 575
1368 567
1408 595
1465 669
1463 648
1445 640
1483 631
1528 644
1534 676
1573 724
1546 720
1307 790
1278 795
1256 794
1222 777
1224 758
1224 762
1183 745
1191 758
1043 705
1047 696
1051 837
1037 809
1011 820
972 844
962 837
1254 879
1220 894
1195 905
1195 927
1209 912
1203 874
1207 847
1214 852
1216 854
1201 858
1177 854
1124 859
1122 837
952 1193
954 1158
946 1137
970 1116
982 1123
846 1415
1205 1458
1151 1439
1145 311
1130 273
1128 250
1151 240
1193 221
1220 237
1317 394
1029 445
946 456
968 446
980 418
990 410
984 400
946 381
946 393
1069 13
1084 5
1341 122
1191 20
1195 7
1209 94
1165 125
1189 125
1163 154
1177 203
1197 180
1205 157
1230 169
1230 188
1161 174
1134 182
1124 197
1086 206
1047 189
1037 177
970 185
946 146
1004 146
1053 147
1084 146
1090 161
1145 153
1114 152
1173 148
1177 142
1216 134
1216 146
1063 252
990 231
976 242
893 249
875 231
844 205
844 185
875 190
903 226
897 203
903 180
875 164
960 364
966 373
948 474
962 493
962 499
1004 575
964 537
1009 528
1013 535
994 502
1015 502
1023 489
1037 470
1019 426
1185 607
1183 630
1157 622
1161 614
1159 638
1364 740
1394 730
1394 718
1364 727
1327 729
1337 715
1303 737
1283 736
1274 705
1291 721
1226 691
1179 683
1185 691
1203 690
1155 734
1155 734
1161 724
1128 821
1138 794
1147 788
1147 776
1132 776
1000 772
1017 1041
1002 1032
1055 1035
1051 1021
1216 1036
1248 1037
1341 980
1345 962
1252 935
1285 944
1289 928
1309 939
1333 928
1354 903
1382 897
1364 920
1374 936
1388 917
1443 907
1431 890
1423 872
1427 827
1520 828
1546 822
1556 838
1548 855
1559 930
1514 919
1593 940
1585 928
1585 929
1532 1037
1483 1055
1477 1095
1502 1119
1473 1137
1471 1152
1427 1145
1370 1148
1343 1170
1319 1155
1364 1425
1364 1377
1431 1363
1481 1373
1532 1375
1471 1334
1508 1314
1591 1253
1591 1229
1554 1203
1579 1173
1573 1129
1571 1026
1579 1054
1591 1019
1581 968
1550 961
1512 961
1457 955
1431 1054
1384 1014
1390 976
1349 969
1076 1375
1098 1323
1071 1321
1108 1314
1067 1299
1147 1265
1297 1475
1260 1466
1291 1447
1388 1472
1418 1467
1445 1406
1418 316
1388 398
1441 364
1465 326
1479 296
1502 350
1487 316
1481 338
1433 127
1479 117
1516 101
1538 117
1554 87
1563 66
1583 61
1575 135
1561 166
1565 149
1583 163
1041 44
929 225
946 214
1084 242
1136 291
1104 291
1116 300
1116 318
1084 275
1061 271
1041 312
1015 295
1023 290
1025 290
1013 315
998 305
994 329
978 335
1000 332
986 357
1041 437
1283 451
1250 467
1218 486
1207 498
1226 497
1268 487
1400 504
1477 570
1506 570
1538 561
1571 545
1563 527
1536 525
1516 499
1485 488
1494 471
1406 661
1386 643
1390 821
1394 763
1451 711
1435 703
1435 1078
1394 1099
1404 1360
1392 1321
1222 1273
1297 1261
1341 1245
1364 1260
1386 1248
834 615
1437 276
1451 425
