927 622
935 609
957 606
957 580
983 579
987 560
945 545
917 553
935 560
909 578
891 591
863 590
839 584
825 588
833 596
851 600
877 568
877 557
899 538
883 532
923 527
937 522
971 529
995 530
999 519
973 519
1050 520
1038 476
1027 445
1048 442
1062 463
1038 457
1019 466
1021 486
1048 488
1068 481
1086 465
1098 454
1084 430
1060 415
1060 430
1048 428
1011 434
1009 416
1011 399
1044 406
1050 387
1038 385
1021 381
1021 395
1060 403
1084 402
1080 376
1102 441
1080 441
1074 450
1025 425
1003 482
1007 450
965 484
959 468
975 462
967 451
955 462
939 464
949 478
949 484
933 479
935 673
939 643
993 647
999 624
979 626
1011 646
983 668
965 668
959 652
909 659
901 625
885 611
893 643
883 624
875 645
887 674
901 663
883 660
875 674
877 684
905 686
913 675
941 681
967 675
1011 676
1023 672
1007 663
977 686
935 663
1021 595
987 579
961 581
973 595
927 593
1032 553
1052 570
1080 558
1074 542
1064 518
1034 505
963 494
1003 500
1034 667
1064 667
1064 667
1086 664
1106 667
1118 671
1078 691
1072 679
1032 682
1100 681
1192 684
1194 647
1236 644
1240 624
1285 639
1311 636
1267 622
1267 656
1301 656
1295 670
1230 653
1204 663
1228 675
1176 666
1182 632
1232 636
1204 618
1188 607
1174 615
1128 606
1114 589
1100 591
1066 609
1076 594
1112 637
1066 631
1198 535
1242 517
1277 489
1339 496
1347 531
1315 498
1297 524
1355 497
1387 517
1407 484
1367 431
1309 432
1277 449
1317 454
1339 437
1355 390
1373 358
1407 407
1385 382
1409 359
1437 411
1459 430
1461 401
1439 378
1433 388
1488 367
1481 315
1496 345
1467 320
1423 326
1439 340
1467 328
1502 324
1526 438
1546 482
1560 474
1564 500
1576 524
1548 534
1514 505
1488 492
1481 531
1429 537
1445 525
1433 514
1445 488
1397 469
1379 453
1355 477
1319 595
1289 578
1285 566
1327 569
1381 582
1375 552
1335 552
1311 547
1285 549
1295 612
1265 590
1242 589
1242 566
1230 554
1208 550
1184 559
1178 575
1156 627
1212 641
1381 628
1335 624
1363 695
1321 712
1327 723
1347 730
1411 726
1397 778
1351 763
1397 750
1447 760
1463 689
1483 710
1502 658
1467 623
1492 618
1502 587
1526 599
1534 613
1550 629
1546 551
1546 500
1558 478
1564 426
1552 385
1564 352
1544 280
1520 248
1500 246
1439 251
1381 281
1337 301
1389 314
1419 298
1429 294
1427 294
1449 312
1327 364
1301 343
1359 343
1381 336
1291 312
1323 335
1228 327
1244 373
1196 375
1146 385
1176 408
1226 412
1206 399
1277 391
1252 426
1196 434
1198 484
1166 475
1162 502
1130 506
1106 509
1126 479
1136 437
1140 455
1200 450
1170 441
1220 387
1216 343
1174 321
1148 310
1146 289
1132 264
1080 326
1044 321
1062 300
1019 319
1009 300
1042 295
1050 336
1005 336
1005 311
989 367
983 354
951 354
953 365
931 378
949 383
967 375
911 378
891 373
877 373
853 594
921 687
1086 1181
1166 1180
1198 1144
1214 1110
1252 1058
1277 1111
1305 1121
1343 1060
1285 1074
1345 1080
1349 1088
1393 1076
1411 1030
1409 984
1421 1045
1421 1045
1437 1061
1421 1084
1445 1098
1463 1082
1469 1046
1486 1023
1520 1055
1552 1148
1508 1150
1490 1129
1431 1123
1461 1111
1409 1114
1375 1098
1359 1111
1323 1111
1305 1099
1244 1549
1252 1500
1323 1523
1369 1506
1361 1446
1309 1415
1228 1429
1261 1458
1307 1431
1269 1426
1240 1363
1154 1373
1042 1410
1076 1422
1054 1442
1030 1451
1064 1460
901 1466
905 1459
903 1454
903 1454
909 1468
955 1529
935 1522
957 1517
981 1526
957 1503
985 1513
937 1511
1042 1502
1023 1522
1042 1539
1058 1512
1062 1535
1096 1522
1094 1562
1090 1580
1056 1580
1062 1564
1030 1558
1032 1566
1040 1587
1007 1477
1003 1425
1001 1452
1023 1430
1003 1400
1003 1373
1050 1369
1052 1392
1080 1375
1094 1358
1044 1356
1015 1354
1104 1403
1025 1386
1118 1387
1138 1356
1202 1357
1238 1359
1218 1379
1170 1357
1120 1367
1146 1452
1146 1452
1150 1502
1160 1511
1168 1546
1184 1575
1222 1572
1250 1589
1287 1595
1311 1577
1347 1577
1367 1584
1411 1584
1457 1580
1483 1590
1514 1579
1526 1554
1512 1506
1479 1508
1488 1532
1518 1529
1548 1536
1568 1566
1576 1584
1588 1526
1572 1456
1568 1414
1538 1409
1568 1442
1540 1443
1528 1425
1510 1475
1544 1478
1471 1434
1467 1388
1512 1385
1502 1351
1463 1337
1445 1360
1447 1380
1335 1377
1357 1343
1361 1352
1387 1331
1409 1321
1433 1327
1427 1332
1427 1337
1427 1337
1417 1384
1415 1422
1383 1410
1389 1373
1331 1383
1297 1387
1305 1358
1269 1345
1246 1389
1200 1410
1162 1418
1174 1391
1148 1407
1124 1434
1114 1426
1102 1443
1106 1463
1134 1482
1092 1487
1048 1526
1098 1530
1176 1519
1218 1528
1240 1516
1216 1501
1202 1462
1230 1445
1184 1442
1297 1469
1331 1439
1317 1453
1355 1475
1381 1476
1417 1465
1419 1441
1445 1463
1483 1456
1510 1458
1516 1431
1494 1408
1465 1401
1465 1415
1437 1403
1353 1397
1263 1415
1263 1538
1281 1520
1323 1500
1329 1559
1365 1547
1441 1550
1443 1513
1411 1531
1453 1544
1425 1502
1375 1534
1401 1519
1317 1540
1275 1499
1156 1534
1140 1513
1082 1535
1017 1537
1068 1149
1019 1163
997 1195
1034 1209
1074 1221
1148 1214
1200 1219
1252 1224
1267 1201
1295 1179
1333 1202
1369 1217
1367 1322
1357 1329
1504 1320
1540 1342
1572 1347
1578 1313
1550 1305
1564 1358
1568 1384
1588 1400
1554 1396
1516 1373
1415 1362
1118 1277
1160 1283
1176 1254
1122 1258
1124 1230
1072 1250
1021 1256
1001 1239
973 1251
997 1249
1088 1305
1082 1310
1080 1310
1102 1310
1076 1293
1068 1300
1104 1318
1142 1287
1134 1276
1094 1286
1230 1283
1198 1276
1196 1285
1256 1272
1228 1247
1277 1246
1303 1223
1321 1240
1323 1254
1371 1243
1409 1238
1431 1157
1373 1170
1379 1143
1441 1189
1560 1271
1560 1237
1554 1195
1548 1183
1520 1194
1526 1263
1520 1280
1494 1285
1461 1292
1455 1282
1475 1278
1423 1289
1349 1293
1305 1287
1317 1275
1279 1285
1273 1292
1072 1313
1027 942
1032 929
1027 916
1005 892
1001 903
1023 901
1021 868
1001 874
1034 856
1023 832
1044 828
1036 809
1009 810
1017 824
1056 816
1030 815
1046 841
1021 846
1013 1033
1038 1015
1025 1006
1011 1009
1013 995
999 1001
1044 1037
1027 1023
1001 1039
1046 1005
1032 996
1096 975
1094 967
1152 991
1174 990
1150 981
1138 998
1136 990
1194 1059
1202 1025
1254 1032
1287 1012
1345 1022
1357 1036
1371 1038
1389 991
1375 1078
1399 1054
1469 1088
1526 1079
1568 1130
1582 1072
1576 1038
1574 1005
1562 966
1574 951
1570 927
1544 916
1586 935
1586 935
1572 940
1506 948
1463 948
1449 921
1421 911
1409 899
1419 884
1467 900
1445 863
1469 819
1433 772
1496 754
1520 801
1550 758
1530 724
1570 781
1536 782
1554 735
1556 699
1576 728
1578 686
1540 683
1520 693
1498 680
1473 663
1441 665
1413 673
1407 706
1389 722
1431 717
1381 743
1359 761
1345 799
1301 736
1287 742
1321 744
1315 770
1287 784
1295 795
1254 808
1240 809
1254 814
881 759
927 723
905 719
939 719
925 696
895 762
869 757
893 753
909 239
897 217
947 218
941 237
977 239
1007 229
983 178
943 178
931 162
955 191
1007 195
1036 172
1042 197
1046 229
1058 242
1082 235
1104 222
1122 233
1150 241
1222 238
1208 275
1172 267
1250 251
1329 255
1335 167
1327 109
1349 146
1383 133
1321 116
1447 137
1435 159
1395 149
1395 179
1395 193
1341 214
1285 198
1321 186
1349 202
1305 218
1327 245
1383 223
1351 230
1447 220
1477 197
1498 169
1504 218
1532 203
1522 189
1550 178
1554 226
1580 258
1578 294
1578 326
1542 314
1475 306
1453 276
1423 282
1335 287
1297 291
1289 280
1297 260
1254 234
1208 205
1182 203
1124 207
1092 198
975 224
1027 338
1027 328
1060 322
1066 272
1070 282
1056 271
961 301
909 227
881 227
883 246
891 197
903 176
895 161
921 195
973 162
1007 161
945 146
881 147
851 194
843 203
843 184
939 372
921 368
1254 636
1240 615
1208 596
1220 579
1178 599
1461 412
1441 439
1475 444
1481 433
1465 382
1429 415
1389 440
1407 427
1447 454
1486 475
1528 494
1572 480
1570 443
1580 460
1544 450
1580 518
1544 534
1578 566
1590 598
1596 560
1508 577
1465 561
1463 606
1421 595
1467 581
1486 591
1492 741
1457 730
1465 754
1465 793
1417 802
1369 809
1353 801
1335 823
1291 884
1250 879
1246 900
1299 897
1279 921
1250 939
1287 952
1287 964
1232 964
1273 964
1329 964
1369 965
1341 976
1347 967
1355 977
1309 999
1259 984
1222 984
1242 1009
1182 1010
1226 1049
1244 1413
1216 1400
1281 1371
1359 1425
1244 361
1254 339
1256 324
1254 304
1254 280
1289 273
1329 276
1379 252
1461 264
1455 80
1421 61
1473 27
1522 86
1528 58
1483 47
1431 46
1369 34
1345 24
1301 33
1297 70
1098 126
1086 100
1078 109
1064 88
1044 89
1034 97
1064 76
1092 92
1046 42
1044 28
1023 21
885 18
885 9
861 30
999 250
1032 245
1013 241
1003 290
1023 295
957 291
971 288
943 287
1076 29
1066 23
1068 9
1038 9
1048 4
1214 33
1222 25
1216 13
1222 3
1156 23
1152 14
1172 8
1198 119
1186 78
1156 52
1166 81
1166 102
1176 120
1194 89
1216 91
1220 69
1208 45
1174 59
1190 66
1234 45
1252 57
1256 82
1293 66
1307 91
1341 76
1351 49
1375 78
1381 69
1379 93
1407 120
1351 133
1301 134
1279 125
1275 107
1271 131
1220 173
1198 162
1164 156
1166 172
1144 182
1126 172
1092 166
1092 156
1118 144
1082 143
1048 149
1066 179
1062 156
1030 217
1082 212
1226 153
1192 150
1222 135
1331 134
1447 111
1471 132
1512 137
1516 156
1550 160
1558 126
1564 92
1556 51
1530 34
1520 16
1554 26
1562 34
1582 28
1576 6
1475 8
1443 29
1427 21
1445 9
1387 17
1361 10
1323 13
1425 100
1377 109
1514 104
1548 115
1572 133
1592 155
1592 170
1592 197
1580 222
1564 247
1437 206
1405 219
1415 244
1413 272
1385 307
1345 317
1419 313
1377 405
1337 399
1303 389
1277 369
1232 396
1202 361
1154 354
1130 345
1122 310
1114 295
1102 275
1094 294
1106 321
1076 343
1046 356
1387 591
1399 602
1453 745
1512 720
1518 743
1574 719
1299 863
1265 864
1236 863
1212 862
1393 869
1419 843
1457 844
1494 840
1443 825
1401 832
1363 830
1054 943
1015 948
1052 923
1058 928
1052 956
1034 952
1030 956
1030 956
939 966
941 959
939 951
889 980
887 984
915 792
893 916
893 906
1158 194
1162 244
1025 231
1064 221
1447 399
1504 387
1494 407
1520 417
1562 411
1580 401
1564 579
1544 513
1590 493
1582 704
1538 656
1568 671
1578 651
1536 895
1546 875
1570 853
1540 846
1504 929
1496 890
1506 871
1455 885
1405 856
1359 860
1353 887
1341 872
1335 858
1273 901
1325 901
1379 926
1331 930
1369 907
1421 1070
1385 1018
1405 967
1345 1000
1309 1034
1295 1045
1160 1045
1160 1021
1335 1146
1256 1162
1240 1183
1214 1171
1160 1167
1132 1128
1102 1160
1038 1144
1003 1136
1005 1176
1056 1180
1062 1167
1094 1135
1086 1386
1005 1524
1409 1200
1417 1216
1435 1219
1405 1267
1353 1266
1148 1248
1116 1196
1130 1174
1168 1125
1164 1084
1271 1138
1228 1128
1216 1081
1218 445
1238 439
1236 412
1391 366
1433 366
1391 393
1080 490
1108 455
1132 462
1126 437
1140 416
1126 429
1174 431
1180 452
1160 459
1182 479
1162 490
1068 335
1138 313
1136 293
1140 329
1122 279
1122 243
1164 276
959 248
921 249
923 225
959 229
981 212
995 201
981 194
953 212
925 174
1060 111
1188 107
1218 111
1359 123
1411 125
1397 338
1339 518
1309 473
1273 475
1232 485
1178 538
1208 490
1170 555
1190 526
1170 604
1160 614
1144 599
1146 575
1150 544
1156 523
1158 583
1130 562
1042 583
1044 610
1034 627
1036 643
1088 645
1102 622
1134 622
1158 674
1170 657
1263 661
1246 667
1287 902
1279 892
1246 895
1279 875
1417 1109
1471 1105
1526 1093
1558 1109
1554 1060
1540 1026
1502 1026
1504 1005
1532 989
1520 965
1550 941
1516 901
1475 910
1174 1473
1146 1423
1100 1458
1070 1434
1070 1407
1015 1461
1062 1476
1023 1412
1003 1385
1030 1371
1003 1361
1148 1549
1122 1413
1182 1373
1291 1404
1393 1394
1339 1361
