448 320
462 244
342 182
533 133
777 453
760 311
648 255
760 140
600 62
417 71
231 77
97 202
137 384
208 400
204 340
355 388
444 488
666 424
622 511
422 360
462 393
551 448
586 340
640 357
564 231
746 171
671 137
346 297
297 271
257 208
293 148
324 119
462 168
337 51
102 62
293 384
311 508
235 651
253 660
631 1140
684 1411
742 1502
693 1495
595 1442
608 1475
680 1540
760 1548
733 1322
711 1200
737 1086
760 946
666 751
742 864
768 766
684 793
626 862
666 891
644 922
653 964
688 1013
537 1040
506 995
524 875
560 700
635 580
715 700
617 651
546 628
453 662
488 584
546 555
386 600
377 691
417 737
511 768
426 788
368 773
297 731
280 557
244 515
120 535
151 673
302 753
266 800
364 844
297 875
306 820
208 857
502 986
382 986
337 1011
177 1111
240 1282
377 1182
448 1233
395 1291
502 1351
444 1373
444 1466
231 1506
40 1435
66 1486
124 1528
195 1464
640 1300
568 1226
515 1153
320 1073
133 962
88 1044
75 1148
120 1237
120 1237
88 1280
142 1322
235 1237
235 1200
53 897
102 786
208 740
146 715
115 617
288 937
422 926
275 1426
333 1353
231 1364
382 1415
351 1453
342 1475
431 1522
497 1537
551 1515
520 1404
697 1373
595 1322
533 1300
804 1248
728 1255
662 1235
764 1162
688 622
737 546
702 495
333 448
466 448
191 448
75 448
66 333
137 291
160 268
177 146
93 122
66 155
26 86
248 124
151 99
164 62
128 15
22 11
528 15
528 55
475 95
648 95
742 62
800 88
760 20
688 22
360 798
360 620
273 647
321 468
485 552
490 444
691 661
572 904
570 1134
442 1088
321 978
248 1056
169 1055
147 955
183 929
302 908
270 857
377 852
512 798
558 805
522 850
497 861
502 951
601 972
604 1038
514 1009
456 986
427 943
439 911
403 909
403 1026
362 1031
270 1029
251 978
207 992
132 1019
101 1039
86 1277
198 1269
200 1187
302 1172
306 1118
239 1126
273 1106
396 1051
384 1132
439 1170
459 1276
338 1310
348 1262
384 1345
299 1357
265 1314
275 1218
200 1329
285 1284
178 1216
125 1216
135 1157
154 1135
173 1106
111 1101
62 1134
21 1212
28 1403
43 1490
48 1448
65 1395
60 1339
33 1314
19 1373
28 1499
26 1534
26 1555
147 1543
171 1470
132 1505
118 1466
200 1364
217 1430
140 1391
149 1328
118 1310
173 1296
314 1514
396 1419
333 1409
335 1471
447 1484
509 1394
536 1334
601 1257
621 1215
647 1145
657 1090
691 979
705 865
698 789
715 1425
751 1456
727 1493
778 1543
787 1560
725 1545
727 1512
686 1511
664 1485
628 1532
630 1561
664 1583
563 1563
611 1445
681 1412
732 1356
773 1340
802 1304
807 1258
807 1186
804 1128
797 1094
763 1062
780 1036
821 989
814 890
804 858
783 917
741 920
696 915
720 962
751 967
700 942
652 944
662 1053
553 1068
618 824
628 682
601 729
645 722
676 740
734 712
754 743
792 752
814 694
804 670
804 656
768 616
785 551
816 520
797 477
812 463
824 491
758 520
715 485
681 497
683 538
659 557
715 613
744 535
628 615
558 649
507 664
522 697
531 730
447 742
415 659
444 613
512 622
548 586
418 707
350 697
306 748
215 760
401 764
596 1375
654 1319
756 1242
732 1190
732 1120
248 890
229 835
270 801
115 846
84 939
45 899
50 813
111 795
178 825
125 657
195 660
178 719
224 713
60 724
94 583
188 573
207 485
270 520
275 579
321 552
374 557
406 480
449 500
509 491
572 521
652 424
609 447
676 465
727 389
758 418
708 429
768 457
802 372
797 256
773 283
812 307
720 311
727 343
613 337
601 378
536 340
502 398
425 377
454 373
439 279
514 254
541 249
534 268
490 294
563 283
640 220
514 1226
461 1561
140 563
137 498
135 429
96 389
72 424
77 479
48 459
43 573
43 622
84 630
72 677
123 299
70 296
79 199
147 213
212 237
265 187
241 115
164 108
144 67
91 38
31 30
826 233
821 137
833 77
819 53
800 34
816 11
732 29
766 93
763 140
737 155
749 187
754 224
712 216
708 255
698 297
645 243
633 270
599 215
633 179
654 125
676 187
664 155
715 110
686 70
664 42
623 36
633 77
613 96
587 57
567 89
570 128
594 147
553 175
524 191
512 137
485 99
473 58
507 60
507 41
418 31
391 97
422 106
415 76
408 181
449 185
454 144
391 140
389 226
459 232
558 422
577 476
285 673
531 1130
476 1128
316 473
304 302
273 336
282 382
326 404
343 358
360 428
413 341
190 361
217 268
282 260
326 82
309 53
190 1
202 54
251 47
263 17
318 30
108 133
62 110
31 81
9 15
94 9
161 25
137 45
202 168
260 203
302 156
314 204
309 112
77 250
45 172
31 232
33 372
188 315
152 260
176 167
638 303
425 295
374 264
193 624
157 758
60 765
123 700
142 894
50 1035
50 1111
36 1060
108 1064
70 1000
36 961
473 894
379 742
435 511
280 454
244 413
391 1251
396 1221
468 1209
526 1175
604 1175
638 1190
705 1216
756 1224
749 1160
705 1164
710 1055
708 1002
754 998
744 851
770 815
790 817
780 781
814 795
819 719
787 720
754 665
708 687
628 641
625 858
681 824
623 751
541 1276
686 1273
737 1293
674 1356
563 1406
456 1356
459 1316
401 1373
473 1458
526 1497
594 1483
541 1445
710 1459
374 1558
386 1523
391 1502
493 1524
396 1437
265 1431
219 1503
246 1555
258 1586
157 1568
89 1568
36 1574
111 1594
377 1583
509 1575
604 1590
734 1577
812 1583
683 373
507 335
575 295
522 365
565 382
403 431
326 511
384 512
79 538
60 514
188 538
161 470
171 387
135 340
53 329
113 228
130 158
173 116
210 132
558 646
536 377
337 510
265 776
366 979
377 1227
202 1189
187 1499
431 1526
549 1352
635 1107
641 821
667 737
711 453
700 300
600 75
453 89
503 141
348 213
259 288
241 327
165 470
103 596
79 126
145 20
152 172
58 253
132 360
270 389
427 258
385 397
396 274
551 372
342 717
403 614
508 560
23 825
88 966
235 885
543 993
523 858
678 1028
353 1104
567 1213
211 1089
93 1195
84 1305
206 1332
88 1401
60 1556
202 1449
418 1478
468 1372
635 1492
718 1544
739 1467
783 1439
781 1281
796 1163
739 1043
783 956
766 872
669 868
637 908
691 1160
742 1096
726 1229
650 1345
536 1282
486 1156
519 1046
604 1051
114 725
195 701
263 502
265 608
145 541
69 480
64 374
110 241
204 248
248 175
202 37
300 106
350 52
510 49
711 76
702 40
794 83
774 171
687 160
626 118
624 210
543 217
554 279
643 341
661 262
739 389
774 318
615 451
479 480
628 603
744 515
805 541
687 592
560 775
630 739
779 788
796 626
731 688
798 715
707 918
525 875
475 941
444 897
418 784
462 728
370 822
197 786
173 818
134 856
117 886
42 798
53 675
184 653
25 520
121 302
62 56
180 89
69 1057
211 1020
221 1193
289 1299
357 1369
479 1281
479 1281
412 1302
372 1161
337 971
272 1539
300 1474
350 1515
499 1425
525 1505
656 1429
147 1483
27 1468
38 1368
44 1243
42 1120
27 1004
27 907
160 1256
158 1398
158 1054
202 951
263 929
385 883
252 547
348 563
350 476
265 436
366 297
423 359
453 332
359 353
329 235
401 125
453 171
361 161
132 186
62 177
353 89
453 30
296 25
624 547
460 541
466 612
521 606
687 670
580 705
447 678
337 669
621 961
302 836
353 921
495 1060
385 1068
324 1035
294 1083
263 1166
160 1154
641 1273
702 1319
718 1372
388 1465
254 1375
326 1414
460 1569
586 1575
134 1023
342 682
355 404
524 535
551 984
386 1231
400 906
395 488
524 626
582 284
48 46
342 44
262 666
404 1242
613 1473
684 1175
706 957
706 957
715 786
600 813
462 751
231 808
160 831
204 1111
400 1193
253 1306
244 515
262 200
386 322
195 322
528 148
693 95
702 360
671 544
533 400
577 533
368 608
155 648
66 860
248 1064
146 995
80 1240
115 1426
84 1548
346 1437
395 1382
84 297
423 1174
401 747
376 535
389 440
526 252
580 363
401 376
290 185
542 75
655 90
717 220
807 136
832 288
821 331
832 434
823 682
819 783
801 871
821 944
724 1121
704 950
765 1052
587 1000
605 663
623 456
706 476
499 566
499 566
634 570
360 335
394 204
299 83
369 53
432 112
88 83
160 28
90 307
1 472
111 598
201 388
228 633
142 871
281 883
347 971
171 1069
232 1198
178 1450
79 1571
277 1564
475 1295
441 1425
574 1501
684 1399
740 1517
789 1298
814 1217
677 1256
805 1562
794 1442
688 1435
558 1353
558 1172
365 1273
263 1261
317 1108
115 1175
63 1264
144 1320
86 1034
81 811
187 765
266 833
344 664
484 789
212 542
142 446
79 505
171 213
90 160
225 102
376 278
216 295
592 172
749 46
304 1420
290 725
70 670
59 1108
75 920
59 1432
529 1564
331 1457
396 1542
385 1354
428 1037
585 1085
490 932
596 857
695 888
717 747
583 755
520 653
675 616
735 547
751 381
673 316
481 313
75 229
261 246
257 462
104 366
203 679
45 763
311 772
432 887
216 942
315 1051
212 1135
398 1170
477 1135
549 1266
470 1225
344 1226
207 1235
86 1206
63 1352
201 1375
284 1333
302 1397
405 1397
544 1392
607 1441
699 1166
610 1103
668 1096
659 1015
603 912
481 1050
421 584
475 500
529 431
774 436
812 503
749 832
677 811
785 240
