21 8
21 21
24 40
26 51
30 76
30 62
8 64
75 6
99 51
58 39
116 6
112 25
84 21
45 14
71 99
155 77
86 66
67 54
62 73
129 92
140 53
127 65
175 51
147 20
205 23
175 35
171 19
138 38
227 138
343 296
443 560
536 717
527 754
601 815
661 879
745 876
778 783
797 524
825 449
819 390
821 339
828 300
828 276
817 236
815 140
819 94
778 42
780 103
750 64
741 118
739 172
739 231
761 221
778 196
769 273
767 310
763 381
765 411
787 414
784 451
711 487
750 341
791 359
774 566
769 486
828 509
780 684
819 649
787 645
819 681
821 736
800 716
789 736
806 762
806 815
771 847
800 867
754 819
730 788
750 760
758 743
750 717
743 678
756 637
758 617
711 563
730 530
726 590
789 921
789 955
795 979
823 935
795 891
752 909
715 921
713 895
730 950
763 990
765 936
739 979
804 1011
825 1035
791 1046
810 1077
817 1108
784 1092
776 1067
767 1024
754 1036
745 1010
739 1067
756 1138
784 1137
776 1110
745 1094
765 1171
743 1118
808 1162
800 830
778 805
817 794
834 551
825 480
832 429
802 160
782 121
767 153
828 109
825 68
791 79
732 36
761 17
812 20
815 1130
795 1232
806 1195
789 1205
763 1211
763 1254
767 1305
789 1356
769 1380
804 1442
787 1408
821 1272
793 1284
810 1325
795 1471
780 1438
763 1485
776 1528
776 1586
750 1582
761 1566
748 1535
754 1517
709 1492
737 1480
758 1458
743 1427
743 1396
741 1354
758 1336
808 1375
748 1281
797 1257
806 1303
789 1178
732 1189
720 1238
696 1276
715 1299
707 1218
674 1228
685 1190
707 1160
691 1102
756 505
812 499
769 546
828 527
806 332
804 293
797 246
780 241
804 219
741 88
702 54
707 87
713 130
711 18
737 6
802 4
815 49
715 208
771 171
802 179
841 127
832 363
732 285
694 318
711 352
707 399
728 428
750 456
791 470
713 460
698 412
689 513
767 591
720 652
726 612
678 611
687 652
681 669
685 691
685 731
648 748
681 761
720 768
668 823
646 794
681 791
711 834
700 856
622 843
620 889
659 926
685 979
650 966
685 947
672 365
676 278
683 202
672 82
681 156
670 107
713 241
672 233
640 248
631 186
635 115
637 50
644 22
676 33
583 13
648 145
592 58
611 89
698 176
640 282
590 215
575 169
575 120
601 141
540 156
531 75
493 107
538 127
560 88
508 37
534 20
551 47
462 64
462 20
434 69
445 38
408 14
573 193
683 444
650 343
646 313
575 281
607 258
540 234
534 178
506 203
514 362
577 457
575 570
588 613
614 664
633 561
631 526
633 480
683 546
633 417
603 346
570 325
592 375
622 380
722 374
598 389
579 426
542 407
557 382
521 454
555 494
605 505
596 484
631 450
598 532
555 517
544 544
538 583
627 583
674 576
644 633
534 641
598 707
644 711
730 703
700 1057
704 1027
700 1002
663 1010
655 1066
644 1123
659 1151
702 1130
646 1042
631 989
616 944
616 909
609 874
668 905
609 725
573 721
577 675
536 681
586 640
642 685
596 774
577 757
549 864
551 795
592 799
564 834
681 1528
689 1563
627 1561
629 1535
646 1499
707 1510
668 1479
691 1437
709 1452
687 1455
691 1383
704 1400
685 1410
750 1411
720 1555
663 1548
670 1579
750 1551
590 1547
592 1494
609 1455
609 1376
637 1332
691 1329
698 1358
655 1358
657 1419
640 1397
607 1414
650 1445
665 1301
668 1256
637 1211
622 1245
598 1277
564 1282
547 1332
557 1349
544 1389
538 1413
531 1469
531 1469
512 1492
477 1425
557 1433
603 1308
590 1243
603 1175
657 1174
618 1111
648 1091
594 1066
594 992
596 1022
624 1022
562 1058
547 1030
529 979
555 934
557 896
510 910
568 1090
542 1126
590 1136
544 1159
549 1172
555 1203
592 1213
529 1232
523 1272
512 1298
490 1324
514 1356
415 1393
423 1271
298 409
233 571
328 709
272 990
186 969
194 1172
296 1211
246 1359
186 1381
177 1481
86 1521
84 1561
298 1539
320 1453
268 1418
272 1459
389 1496
421 1461
467 1510
508 1552
531 1571
544 1523
447 1532
430 1572
374 1577
365 1510
391 1552
348 1524
305 1558
281 1499
324 1491
205 1528
238 1577
257 1519
248 1562
207 1551
164 1532
142 1508
99 1450
54 1482
17 1510
37 1565
45 1537
121 1591
134 1537
164 1568
216 1592
330 1588
439 1595
490 1582
568 1590
508 1523
436 1487
477 1459
419 1432
363 1391
343 1418
382 1433
356 1458
369 1470
222 1446
227 1412
188 1419
158 1414
160 1436
162 1455
227 1482
294 1387
257 1389
460 1403
470 1372
486 1384
582 1520
574 1568
637 1591
99 1471
103 1494
140 1481
54 1457
46 1405
29 1430
27 1471
87 1415
62 1428
156 1379
117 1343
111 1398
85 1361
42 1376
52 1324
42 1363
23 1345
162 1361
76 1394
58 1581
25 1587
17 1548
125 1567
203 1505
317 1428
344 1354
295 1356
327 1297
401 1319
401 1362
425 1340
462 1347
466 1231
450 1084
258 1180
315 1072
142 1276
109 1189
64 1208
170 1218
211 1241
223 1284
213 1317
164 1322
180 1292
174 1251
136 1243
125 1210
87 1239
95 1290
95 1312
56 1277
50 1251
17 1273
29 1306
68 1296
101 1266
133 1304
193 1344
303 1328
254 1328
266 1300
295 1249
254 1260
248 1226
215 1206
329 1189
331 1225
366 1251
342 1274
284 1286
439 1296
395 1286
352 1335
450 1555
403 1530
348 1552
413 1243
384 1209
419 1228
435 1179
486 1201
488 1164
454 1209
466 1179
439 1135
386 1173
409 1184
411 1140
444 1154
509 1140
501 1089
482 1110
543 1106
501 1065
482 989
468 1040
499 1021
519 995
552 1003
580 959
515 946
643 1279
576 1454
348 1154
297 1131
280 1156
244 1108
205 1136
246 1146
180 1098
250 1126
131 1140
127 1102
142 1159
158 1187
58 1143
150 1116
60 1115
107 1155
34 1184
44 1161
93 1169
495 712
480 760
645 771
466 801
507 840
517 817
513 789
460 842
488 879
519 879
503 861
458 895
468 930
464 958
427 950
403 961
393 974
409 1009
431 988
360 1015
405 1033
397 1061
352 1045
278 1009
272 1027
337 946
395 902
388 936
333 903
384 827
423 859
401 785
342 827
348 866
340 791
382 747
382 747
425 644
466 673
456 602
395 601
382 530
448 511
488 554
452 472
497 501
499 527
441 535
448 736
399 703
439 692
382 727
372 665
466 634
501 655
507 599
529 614
278 769
423 762
378 863
282 875
260 905
268 936
233 894
227 920
227 951
291 963
301 926
315 987
350 975
315 1036
260 1058
276 1092
329 1106
378 1083
374 1122
348 1084
407 1100
460 1262
633 1151
444 338
393 410
280 347
233 309
207 291
178 308
156 234
242 231
282 149
368 224
242 191
340 190
370 119
321 28
266 43
303 106
337 70
270 78
401 84
470 147
393 163
360 141
458 186
435 244
421 207
478 254
482 296
433 289
388 266
315 248
299 216
299 279
244 258
207 204
184 146
156 128
123 152
89 203
70 247
113 265
113 306
58 313
80 337
156 417
131 488
123 571
117 705
119 844
113 932
99 1002
66 915
74 804
87 728
48 611
40 527
52 459
40 408
142 473
215 454
215 537
280 499
211 482
172 667
227 673
274 620
280 666
209 629
197 751
150 767
187 795
211 830
250 821
199 856
146 886
168 896
36 841
74 865
29 879
217 376
168 344
129 382
44 149
105 114
197 92
213 60
268 6
250 115
305 318
368 356
382 305
317 373
421 376
452 390
460 433
252 718
187 704
166 1011
105 1044
44 1036
40 933
62 962
21 988
119 962
99 975
158 1058
221 1033
215 1006
211 1066
91 1082
64 1060
27 1093
29 1067
54 1003
209 806
317 734
333 603
333 531
352 552
274 554
289 529
350 476
380 442
313 445
256 428
217 409
160 592
93 650
105 625
80 566
105 536
158 524
174 550
68 678
40 694
42 747
70 771
113 764
123 813
142 803
115 903
97 422
80 388
95 450
42 349
27 271
40 186
64 170
64 124
34 104
146 191
189 169
231 163
282 163
303 191
335 167
323 140
305 130
319 55
366 40
378 54
348 92
444 111
425 125
441 159
519 271
523 305
511 332
472 377
501 406
327 646
374 618
407 620
342 681
246 639
246 611
227 585
307 583
360 578
417 577
456 577
490 571
144 736
129 686
148 635
50 643
9 622
27 574
9 549
17 474
54 501
66 476
103 508
13 815
25 784
299 846
229 776
140 986
164 932
331 400
340 425
362 413
366 389
231 346
213 325
205 337
170 371
125 355
127 330
85 371
152 281
191 250
199 271
111 240
48 204
29 225
80 220
80 220
87 139
160 106
211 119
227 43
272 23
342 2
378 186
348 334
403 321
431 313
427 458
388 491
344 500
309 479
276 466
166 444
189 503
242 506
225 730
25 719
286 793
242 845
154 835
125 1069
72 1021
25 1113
13 1230
23 1210
11 1160
566 355
556 249
399 238
484 234
454 214
490 164
529 101
462 85
399 44
407 27
240 85
276 699
238 694
315 773
352 767
433 827
429 794
609 293
611 237
645 215
635 610
256 381
258 293
291 386
144 226
105 178
76 289
103 291
29 305
38 383
15 436
17 150
15 123
15 759
3 679
523 421
497 474
468 354
688 337
707 254
731 324
750 253
835 255
597 33
668 6
776 662
660 499
676 470
709 746
497 737
823 909
731 1321
574 1413
584 1339
474 1295
495 1249
511 1188
121 1021
166 1039
231 971
187 993
74 896
78 832
11 915
27 969
180 645
103 597
425 490
397 553
543 441
562 303
607 325
346 270
