1097 757
1104 746
1089 738
1106 730
1104 719
1128 719
1122 709
1093 868
1097 859
1108 807
1112 801
1102 796
1102 796
1081 887
1075 987
1073 996
1073 1010
1093 1041
1085 1032
1042 1056
1044 1092
1044 1084
1120 1104
1120 1094
1116 1082
1246 737
1246 722
1236 713
1226 706
1234 722
1236 737
1077 741
1091 725
1110 762
1214 821
1202 827
1189 830
1169 810
1163 803
1179 782
1095 882
1077 879
1067 886
1071 900
1095 923
1095 907
1095 932
1097 945
1106 957
1065 963
1065 1056
1081 1041
1112 1005
1114 994
1036 1063
1040 1095
1110 1108
1102 1097
963 1425
965 1416
963 1303
1024 1309
1006 1331
965 1347
955 1289
1118 30
1108 40
1118 48
1124 39
1106 32
1126 55
1108 62
1097 67
1014 133
1010 129
861 965
873 1045
875 1062
867 990
859 947
861 870
853 883
853 836
859 974
875 1035
1100 898
1087 907
1093 829
1281 836
1118 884
1093 815
1097 807
1097 798
1102 765
1089 759
1093 746
1106 737
1079 734
1083 724
1102 712
1114 705
1100 853
1110 1000
1077 979
987 1288
989 1279
963 1435
959 1421
948 1478
969 868
1036 978
959 408
934 32
1116 43
1118 35
1273 834
1118 906
1089 861
1089 857
1089 936
1087 922
1095 914
1102 938
1091 948
1081 895
1097 894
1075 891
1069 990
1073 1016
1069 1001
1030 1056
1097 1107
1114 1101
1118 1089
1126 1083
953 1299
953 1429
963 1410
857 959
875 1074
871 1052
865 1041
1067 983
1057 988
1057 988
1028 975
969 906
1114 792
1102 778
1112 775
1116 722
1091 718
1244 729
1249 713
1244 708
1210 833
1228 831
1198 820
1218 813
1181 829
1204 835
1095 839
1089 788
1108 787
1083 870
1077 1032
1008 1319
1108 46
1106 725
1097 730
1087 816
1087 807
1093 795
1097 787
1110 866
873 1068
869 1060
857 989
855 862
916 752
912 747
906 755
1002 720
995 717
1093 752
1108 754
1095 733
1073 735
1079 729
1095 874
1116 898
1112 878
1104 842
1104 834
1059 976
1051 1074
1055 1066
1055 1056
1118 57
928 34
916 32
865 270
873 112
869 92
948 410
1122 951
1106 1007
981 1284
1230 717
1175 804
1085 785
1104 752
1104 752
1106 708
1116 6
1120 958
1067 969
1146 717
855 970
859 915
855 901
853 808
851 1138
851 1130
961 1439
961 1428
1055 1083
1102 1001
1108 991
1106 950
