 SMOOTHED RESULTS TO SIMULATE A  2.00 nm FWHM INSTRUMENT AND A WAVELENGTH STEP OF  0.7 nm,
 Shape selected: Gaussian    
   WVLGTH  ET_SPCTRUM  BEAM_NORMAL BEAM_NORM+  GLOB_HORIZ  GLOBL_TILT

    395.5  0.1131E+01  0.5956E+00  0.5956E+00  0.7082E+00  0.3686E+00
    396.2  0.1015E+01  0.5363E+00  0.5363E+00  0.6363E+00  0.3312E+00
    396.9  0.9620E+00  0.5106E+00  0.5106E+00  0.6041E+00  0.3144E+00
    397.6  0.1135E+01  0.6047E+00  0.6047E+00  0.7132E+00  0.3713E+00
    398.3  0.1396E+01  0.7457E+00  0.7457E+00  0.8776E+00  0.4568E+00
    399.1  0.1572E+01  0.8422E+00  0.8422E+00  0.9893E+00  0.5149E+00
    399.8  0.1659E+01  0.8912E+00  0.8912E+00  0.1044E+01  0.5435E+00
    400.5  0.1713E+01  0.9232E+00  0.9232E+00  0.1078E+01  0.5613E+00
    401.2  0.1757E+01  0.9511E+00  0.9511E+00  0.1108E+01  0.5767E+00
    401.9  0.1777E+01  0.9676E+00  0.9676E+00  0.1125E+01  0.5855E+00
    402.7  0.1762E+01  0.9641E+00  0.9641E+00  0.1119E+01  0.5824E+00
    403.4  0.1731E+01  0.9506E+00  0.9506E+00  0.1101E+01  0.5731E+00
    404.1  0.1710E+01  0.9405E+00  0.9405E+00  0.1087E+01  0.5657E+00
    404.8  0.1696E+01  0.9353E+00  0.9353E+00  0.1078E+01  0.5614E+00
    405.5  0.1681E+01  0.9310E+00  0.9310E+00  0.1071E+01  0.5578E+00
    406.3  0.1665E+01  0.9277E+00  0.9277E+00  0.1066E+01  0.5550E+00
    407.0  0.1665E+01  0.9312E+00  0.9312E+00  0.1068E+01  0.5561E+00
    407.7  0.1692E+01  0.9470E+00  0.9470E+00  0.1083E+01  0.5642E+00
    408.4  0.1725E+01  0.9662E+00  0.9662E+00  0.1103E+01  0.5744E+00
    409.1  0.1719E+01  0.9649E+00  0.9649E+00  0.1099E+01  0.5725E+00
    409.9  0.1682E+01  0.9473E+00  0.9473E+00  0.1077E+01  0.5610E+00
    410.6  0.1686E+01  0.9535E+00  0.9535E+00  0.1082E+01  0.5638E+00
    411.3  0.1738E+01  0.9877E+00  0.9877E+00  0.1119E+01  0.5830E+00
    412.0  0.1784E+01  0.1017E+01  0.1017E+01  0.1150E+01  0.5993E+00
    412.7  0.1798E+01  0.1026E+01  0.1026E+01  0.1158E+01  0.6031E+00
    413.5  0.1798E+01  0.1027E+01  0.1027E+01  0.1157E+01  0.6030E+00
    414.2  0.1801E+01  0.1034E+01  0.1034E+01  0.1162E+01  0.6057E+00
    414.9  0.1807E+01  0.1043E+01  0.1043E+01  0.1171E+01  0.6104E+00
    415.6  0.1810E+01  0.1051E+01  0.1051E+01  0.1179E+01  0.6145E+00
    416.3  0.1803E+01  0.1051E+01  0.1051E+01  0.1177E+01  0.6135E+00
    417.1  0.1783E+01  0.1042E+01  0.1042E+01  0.1164E+01  0.6071E+00
    417.8  0.1765E+01  0.1033E+01  0.1033E+01  0.1152E+01  0.6009E+00
    418.5  0.1760E+01  0.1031E+01  0.1031E+01  0.1148E+01  0.5989E+00
    419.2  0.1763E+01  0.1036E+01  0.1036E+01  0.1151E+01  0.6002E+00
    419.9  0.1775E+01  0.1044E+01  0.1044E+01  0.1158E+01  0.6042E+00
    420.7  0.1788E+01  0.1054E+01  0.1054E+01  0.1168E+01  0.6091E+00
    421.4  0.1779E+01  0.1052E+01  0.1052E+01  0.1163E+01  0.6069E+00
    422.1  0.1750E+01  0.1037E+01  0.1037E+01  0.1145E+01  0.5977E+00
    422.8  0.1735E+01  0.1031E+01  0.1031E+01  0.1136E+01  0.5932E+00
    423.5  0.1751E+01  0.1043E+01  0.1043E+01  0.1147E+01  0.5990E+00
    424.3  0.1772E+01  0.1059E+01  0.1059E+01  0.1163E+01  0.6074E+00
    425.0  0.1771E+01  0.1063E+01  0.1063E+01  0.1167E+01  0.6095E+00
    425.7  0.1749E+01  0.1056E+01  0.1056E+01  0.1158E+01  0.6050E+00
    426.4  0.1721E+01  0.1043E+01  0.1043E+01  0.1141E+01  0.5965E+00
    427.1  0.1689E+01  0.1025E+01  0.1025E+01  0.1120E+01  0.5854E+00
    427.9  0.1648E+01  0.1001E+01  0.1001E+01  0.1092E+01  0.5709E+00
    428.6  0.1585E+01  0.9660E+00  0.9660E+00  0.1052E+01  0.5504E+00
    429.3  0.1499E+01  0.9176E+00  0.9176E+00  0.9983E+00  0.5223E+00
    430.0  0.1428E+01  0.8761E+00  0.8761E+00  0.9516E+00  0.4980E+00
    430.7  0.1436E+01  0.8822E+00  0.8822E+00  0.9565E+00  0.5007E+00
    431.5  0.1543E+01  0.9503E+00  0.9503E+00  0.1029E+01  0.5387E+00
    432.2  0.1662E+01  0.1028E+01  0.1028E+01  0.1111E+01  0.5820E+00
    432.9  0.1705E+01  0.1056E+01  0.1056E+01  0.1141E+01  0.5976E+00
    433.6  0.1688E+01  0.1046E+01  0.1046E+01  0.1128E+01  0.5909E+00
    434.3  0.1687E+01  0.1044E+01  0.1044E+01  0.1124E+01  0.5890E+00
    435.1  0.1741E+01  0.1079E+01  0.1079E+01  0.1159E+01  0.6074E+00
    435.8  0.1817E+01  0.1131E+01  0.1131E+01  0.1213E+01  0.6363E+00
    436.5  0.1849E+01  0.1158E+01  0.1158E+01  0.1242E+01  0.6513E+00
    437.2  0.1817E+01  0.1145E+01  0.1145E+01  0.1226E+01  0.6432E+00
    437.9  0.1769E+01  0.1116E+01  0.1116E+01  0.1194E+01  0.6266E+00
    438.7  0.1759E+01  0.1108E+01  0.1108E+01  0.1183E+01  0.6208E+00
    439.4  0.1786E+01  0.1125E+01  0.1125E+01  0.1199E+01  0.6293E+00
    440.1  0.1827E+01  0.1156E+01  0.1156E+01  0.1231E+01  0.6465E+00
    440.8  0.1879E+01  0.1197E+01  0.1197E+01  0.1274E+01  0.6691E+00
    441.5  0.1935E+01  0.1239E+01  0.1239E+01  0.1317E+01  0.6920E+00
    442.3  0.1970E+01  0.1264E+01  0.1264E+01  0.1342E+01  0.7051E+00
    443.0  0.1978E+01  0.1269E+01  0.1269E+01  0.1345E+01  0.7069E+00
    443.7  0.1979E+01  0.1268E+01  0.1268E+01  0.1341E+01  0.7050E+00
    444.4  0.1967E+01  0.1259E+01  0.1259E+01  0.1330E+01  0.6990E+00
    445.1  0.1940E+01  0.1243E+01  0.1243E+01  0.1311E+01  0.6892E+00
    445.9  0.1925E+01  0.1239E+01  0.1239E+01  0.1305E+01  0.6864E+00
    446.6  0.1953E+01  0.1261E+01  0.1261E+01  0.1327E+01  0.6980E+00
    447.3  0.1999E+01  0.1290E+01  0.1290E+01  0.1356E+01  0.7134E+00
    448.0  0.2030E+01  0.1310E+01  0.1310E+01  0.1375E+01  0.7233E+00
    448.7  0.2049E+01  0.1328E+01  0.1328E+01  0.1392E+01  0.7326E+00
    449.5  0.2073E+01  0.1352E+01  0.1352E+01  0.1417E+01  0.7456E+00
    450.2  0.2105E+01  0.1380E+01  0.1380E+01  0.1444E+01  0.7600E+00
    450.9  0.2123E+01  0.1394E+01  0.1394E+01  0.1458E+01  0.7674E+00
    451.6  0.2101E+01  0.1382E+01  0.1382E+01  0.1443E+01  0.7600E+00
    452.3  0.2052E+01  0.1352E+01  0.1352E+01  0.1410E+01  0.7427E+00
    453.1  0.2018E+01  0.1334E+01  0.1334E+01  0.1389E+01  0.7318E+00
    453.8  0.2023E+01  0.1341E+01  0.1341E+01  0.1395E+01  0.7352E+00
    454.5  0.2046E+01  0.1359E+01  0.1359E+01  0.1412E+01  0.7443E+00
    455.2  0.2070E+01  0.1377E+01  0.1377E+01  0.1429E+01  0.7533E+00
    455.9  0.2093E+01  0.1395E+01  0.1395E+01  0.1447E+01  0.7628E+00
    456.7  0.2106E+01  0.1407E+01  0.1407E+01  0.1457E+01  0.7682E+00
    457.4  0.2097E+01  0.1401E+01  0.1401E+01  0.1449E+01  0.7641E+00
    458.1  0.2075E+01  0.1386E+01  0.1386E+01  0.1432E+01  0.7553E+00
    458.8  0.2060E+01  0.1379E+01  0.1379E+01  0.1422E+01  0.7503E+00
    459.5  0.2060E+01  0.1381E+01  0.1381E+01  0.1423E+01  0.7509E+00
    460.3  0.2073E+01  0.1392E+01  0.1392E+01  0.1433E+01  0.7561E+00
    461.0  0.2091E+01  0.1407E+01  0.1407E+01  0.1447E+01  0.7638E+00
    461.7  0.2102E+01  0.1418E+01  0.1418E+01  0.1456E+01  0.7690E+00
    462.4  0.2101E+01  0.1417E+01  0.1417E+01  0.1454E+01  0.7680E+00
    463.1  0.2087E+01  0.1408E+01  0.1408E+01  0.1443E+01  0.7623E+00
    463.9  0.2066E+01  0.1398E+01  0.1398E+01  0.1431E+01  0.7564E+00
    464.6  0.2047E+01  0.1392E+01  0.1392E+01  0.1424E+01  0.7531E+00
    465.3  0.2037E+01  0.1392E+01  0.1392E+01  0.1423E+01  0.7528E+00
    466.0  0.2031E+01  0.1391E+01  0.1391E+01  0.1421E+01  0.7520E+00
    466.7  0.2024E+01  0.1386E+01  0.1386E+01  0.1414E+01  0.7487E+00
    467.5  0.2023E+01  0.1386E+01  0.1386E+01  0.1412E+01  0.7477E+00
    468.2  0.2027E+01  0.1391E+01  0.1391E+01  0.1416E+01  0.7501E+00
    468.9  0.2022E+01  0.1391E+01  0.1391E+01  0.1415E+01  0.7499E+00
    469.6  0.2003E+01  0.1382E+01  0.1382E+01  0.1404E+01  0.7444E+00
    470.3  0.1991E+01  0.1375E+01  0.1375E+01  0.1396E+01  0.7404E+00
    471.1  0.2004E+01  0.1386E+01  0.1386E+01  0.1406E+01  0.7457E+00
    471.8  0.2035E+01  0.1408E+01  0.1408E+01  0.1426E+01  0.7569E+00
    472.5  0.2054E+01  0.1421E+01  0.1421E+01  0.1438E+01  0.7631E+00
    473.2  0.2058E+01  0.1421E+01  0.1421E+01  0.1436E+01  0.7623E+00
    473.9  0.2060E+01  0.1419E+01  0.1419E+01  0.1433E+01  0.7607E+00
    474.7  0.2062E+01  0.1420E+01  0.1420E+01  0.1431E+01  0.7603E+00
    475.4  0.2052E+01  0.1416E+01  0.1416E+01  0.1426E+01  0.7579E+00
    476.1  0.2040E+01  0.1412E+01  0.1412E+01  0.1420E+01  0.7551E+00
    476.8  0.2041E+01  0.1416E+01  0.1416E+01  0.1424E+01  0.7572E+00
    477.5  0.2056E+01  0.1430E+01  0.1430E+01  0.1436E+01  0.7639E+00
    478.3  0.2068E+01  0.1440E+01  0.1440E+01  0.1445E+01  0.7691E+00
    479.0  0.2070E+01  0.1443E+01  0.1443E+01  0.1447E+01  0.7701E+00
    479.7  0.2072E+01  0.1446E+01  0.1446E+01  0.1448E+01  0.7713E+00
    480.4  0.2081E+01  0.1456E+01  0.1456E+01  0.1457E+01  0.7762E+00
    481.1  0.2091E+01  0.1469E+01  0.1469E+01  0.1469E+01  0.7827E+00
    481.9  0.2092E+01  0.1476E+01  0.1476E+01  0.1475E+01  0.7864E+00
    482.6  0.2079E+01  0.1473E+01  0.1473E+01  0.1470E+01  0.7845E+00
    483.3  0.2051E+01  0.1457E+01  0.1457E+01  0.1454E+01  0.7763E+00
    484.0  0.2004E+01  0.1427E+01  0.1427E+01  0.1423E+01  0.7596E+00
    484.7  0.1928E+01  0.1374E+01  0.1374E+01  0.1368E+01  0.7310E+00
    485.5  0.1830E+01  0.1306E+01  0.1306E+01  0.1299E+01  0.6945E+00
    486.2  0.1768E+01  0.1263E+01  0.1263E+01  0.1256E+01  0.6715E+00
    486.9  0.1785E+01  0.1276E+01  0.1276E+01  0.1268E+01  0.6784E+00
    487.6  0.1852E+01  0.1323E+01  0.1323E+01  0.1313E+01  0.7030E+00
    488.3  0.1916E+01  0.1366E+01  0.1366E+01  0.1354E+01  0.7250E+00
    489.1  0.1959E+01  0.1397E+01  0.1397E+01  0.1384E+01  0.7412E+00
    489.8  0.1991E+01  0.1424E+01  0.1424E+01  0.1410E+01  0.7555E+00
    490.5  0.1995E+01  0.1434E+01  0.1434E+01  0.1418E+01  0.7604E+00
    491.2  0.1966E+01  0.1418E+01  0.1418E+01  0.1401E+01  0.7518E+00
    491.9  0.1935E+01  0.1397E+01  0.1397E+01  0.1380E+01  0.7408E+00
    492.7  0.1932E+01  0.1396E+01  0.1396E+01  0.1378E+01  0.7399E+00
    493.4  0.1949E+01  0.1408E+01  0.1408E+01  0.1388E+01  0.7457E+00
    494.1  0.1965E+01  0.1419E+01  0.1419E+01  0.1398E+01  0.7513E+00
    494.8  0.1977E+01  0.1429E+01  0.1429E+01  0.1406E+01  0.7559E+00
    495.5  0.1988E+01  0.1438E+01  0.1438E+01  0.1414E+01  0.7605E+00
    496.3  0.1997E+01  0.1447E+01  0.1447E+01  0.1421E+01  0.7649E+00
    497.0  0.1991E+01  0.1447E+01  0.1447E+01  0.1420E+01  0.7648E+00
    497.7  0.1968E+01  0.1434E+01  0.1434E+01  0.1408E+01  0.7583E+00
    498.4  0.1946E+01  0.1423E+01  0.1423E+01  0.1396E+01  0.7523E+00
    499.1  0.1931E+01  0.1415E+01  0.1415E+01  0.1386E+01  0.7476E+00
    499.9  0.1908E+01  0.1400E+01  0.1400E+01  0.1371E+01  0.7396E+00
    500.6  0.1884E+01  0.1381E+01  0.1381E+01  0.1352E+01  0.7299E+00
    501.3  0.1869E+01  0.1368E+01  0.1368E+01  0.1339E+01  0.7229E+00
    502.0  0.1873E+01  0.1367E+01  0.1367E+01  0.1337E+01  0.7220E+00
    502.7  0.1893E+01  0.1376E+01  0.1376E+01  0.1344E+01  0.7262E+00
    503.5  0.1910E+01  0.1382E+01  0.1382E+01  0.1348E+01  0.7286E+00
    504.2  0.1923E+01  0.1390E+01  0.1390E+01  0.1354E+01  0.7321E+00
    504.9  0.1947E+01  0.1410E+01  0.1410E+01  0.1373E+01  0.7426E+00
    505.6  0.1967E+01  0.1430E+01  0.1430E+01  0.1391E+01  0.7529E+00
    506.3  0.1957E+01  0.1426E+01  0.1426E+01  0.1387E+01  0.7511E+00
    507.1  0.1919E+01  0.1402E+01  0.1402E+01  0.1363E+01  0.7381E+00
    507.8  0.1886E+01  0.1381E+01  0.1381E+01  0.1341E+01  0.7269E+00
    508.5  0.1878E+01  0.1378E+01  0.1378E+01  0.1337E+01  0.7250E+00
    509.2  0.1886E+01  0.1385E+01  0.1385E+01  0.1343E+01  0.7285E+00
    509.9  0.1896E+01  0.1395E+01  0.1395E+01  0.1352E+01  0.7334E+00
    510.7  0.1911E+01  0.1409E+01  0.1409E+01  0.1365E+01  0.7410E+00
    511.4  0.1922E+01  0.1421E+01  0.1421E+01  0.1375E+01  0.7469E+00
    512.1  0.1908E+01  0.1414E+01  0.1414E+01  0.1368E+01  0.7435E+00
    512.8  0.1873E+01  0.1392E+01  0.1392E+01  0.1346E+01  0.7316E+00
    513.5  0.1842E+01  0.1372E+01  0.1372E+01  0.1325E+01  0.7210E+00
    514.3  0.1823E+01  0.1361E+01  0.1361E+01  0.1314E+01  0.7152E+00
    515.0  0.1807E+01  0.1351E+01  0.1351E+01  0.1304E+01  0.7101E+00
    515.7  0.1776E+01  0.1330E+01  0.1330E+01  0.1283E+01  0.6988E+00
    516.4  0.1719E+01  0.1289E+01  0.1289E+01  0.1243E+01  0.6772E+00
    517.1  0.1675E+01  0.1257E+01  0.1257E+01  0.1211E+01  0.6602E+00
    517.9  0.1685E+01  0.1265E+01  0.1265E+01  0.1217E+01  0.6639E+00
    518.6  0.1731E+01  0.1299E+01  0.1299E+01  0.1249E+01  0.6814E+00
    519.3  0.1780E+01  0.1336E+01  0.1336E+01  0.1283E+01  0.7007E+00
    520.0  0.1818E+01  0.1365E+01  0.1365E+01  0.1310E+01  0.7159E+00
    520.7  0.1839E+01  0.1382E+01  0.1382E+01  0.1326E+01  0.7250E+00
    521.5  0.1846E+01  0.1389E+01  0.1389E+01  0.1332E+01  0.7286E+00
    522.2  0.1844E+01  0.1389E+01  0.1389E+01  0.1331E+01  0.7283E+00
    522.9  0.1846E+01  0.1390E+01  0.1390E+01  0.1332E+01  0.7291E+00
    523.6  0.1863E+01  0.1403E+01  0.1403E+01  0.1342E+01  0.7356E+00
    524.3  0.1883E+01  0.1416E+01  0.1416E+01  0.1354E+01  0.7420E+00
    525.1  0.1878E+01  0.1410E+01  0.1410E+01  0.1347E+01  0.7390E+00
    525.8  0.1842E+01  0.1382E+01  0.1382E+01  0.1320E+01  0.7244E+00
    526.5  0.1799E+01  0.1351E+01  0.1351E+01  0.1289E+01  0.7078E+00
    527.2  0.1790E+01  0.1345E+01  0.1345E+01  0.1283E+01  0.7049E+00
    527.9  0.1828E+01  0.1374E+01  0.1374E+01  0.1310E+01  0.7201E+00
    528.7  0.1878E+01  0.1413E+01  0.1413E+01  0.1346E+01  0.7404E+00
    529.4  0.1907E+01  0.1436E+01  0.1436E+01  0.1366E+01  0.7523E+00
    530.1  0.1914E+01  0.1442E+01  0.1442E+01  0.1372E+01  0.7557E+00
    530.8  0.1911E+01  0.1440E+01  0.1440E+01  0.1369E+01  0.7547E+00
    531.5  0.1891E+01  0.1426E+01  0.1426E+01  0.1355E+01  0.7472E+00
    532.3  0.1861E+01  0.1405E+01  0.1405E+01  0.1333E+01  0.7359E+00
    533.0  0.1845E+01  0.1394E+01  0.1394E+01  0.1323E+01  0.7303E+00
    533.7  0.1854E+01  0.1404E+01  0.1404E+01  0.1331E+01  0.7356E+00
    534.4  0.1878E+01  0.1425E+01  0.1425E+01  0.1350E+01  0.7466E+00
    535.1  0.1896E+01  0.1441E+01  0.1441E+01  0.1365E+01  0.7554E+00
    535.9  0.1897E+01  0.1444E+01  0.1444E+01  0.1367E+01  0.7568E+00
    536.6  0.1879E+01  0.1432E+01  0.1432E+01  0.1355E+01  0.7508E+00
    537.3  0.1865E+01  0.1422E+01  0.1422E+01  0.1345E+01  0.7455E+00
    538.0  0.1860E+01  0.1419E+01  0.1419E+01  0.1341E+01  0.7438E+00
    538.7  0.1849E+01  0.1410E+01  0.1410E+01  0.1332E+01  0.7393E+00
    539.5  0.1825E+01  0.1392E+01  0.1392E+01  0.1314E+01  0.7297E+00
    540.2  0.1806E+01  0.1377E+01  0.1377E+01  0.1299E+01  0.7218E+00
    540.9  0.1810E+01  0.1378E+01  0.1378E+01  0.1300E+01  0.7223E+00
    541.6  0.1828E+01  0.1391E+01  0.1391E+01  0.1310E+01  0.7287E+00
    542.3  0.1842E+01  0.1401E+01  0.1401E+01  0.1319E+01  0.7340E+00
    543.1  0.1848E+01  0.1407E+01  0.1407E+01  0.1324E+01  0.7372E+00
    543.8  0.1857E+01  0.1414E+01  0.1414E+01  0.1330E+01  0.7408E+00
    544.5  0.1864E+01  0.1420E+01  0.1420E+01  0.1335E+01  0.7435E+00
    545.2  0.1868E+01  0.1423E+01  0.1423E+01  0.1336E+01  0.7449E+00
    545.9  0.1871E+01  0.1425E+01  0.1425E+01  0.1338E+01  0.7460E+00
    546.7  0.1869E+01  0.1425E+01  0.1425E+01  0.1337E+01  0.7460E+00
    547.4  0.1861E+01  0.1421E+01  0.1421E+01  0.1333E+01  0.7440E+00
    548.1  0.1854E+01  0.1418E+01  0.1418E+01  0.1329E+01  0.7422E+00
    548.8  0.1854E+01  0.1420E+01  0.1420E+01  0.1330E+01  0.7432E+00
    549.5  0.1859E+01  0.1426E+01  0.1426E+01  0.1335E+01  0.7465E+00
    550.3  0.1860E+01  0.1429E+01  0.1429E+01  0.1338E+01  0.7483E+00
    551.0  0.1857E+01  0.1429E+01  0.1429E+01  0.1337E+01  0.7481E+00
    551.7  0.1853E+01  0.1427E+01  0.1427E+01  0.1335E+01  0.7473E+00
    552.4  0.1849E+01  0.1424E+01  0.1424E+01  0.1332E+01  0.7457E+00
    553.1  0.1850E+01  0.1426E+01  0.1426E+01  0.1332E+01  0.7464E+00
    553.9  0.1861E+01  0.1435E+01  0.1435E+01  0.1340E+01  0.7511E+00
    554.6  0.1869E+01  0.1442E+01  0.1442E+01  0.1346E+01  0.7550E+00
    555.3  0.1863E+01  0.1439E+01  0.1439E+01  0.1343E+01  0.7535E+00
    556.0  0.1845E+01  0.1426E+01  0.1426E+01  0.1329E+01  0.7462E+00
    556.7  0.1819E+01  0.1406E+01  0.1406E+01  0.1310E+01  0.7359E+00
    557.5  0.1797E+01  0.1389E+01  0.1389E+01  0.1294E+01  0.7269E+00
    558.2  0.1781E+01  0.1377E+01  0.1377E+01  0.1282E+01  0.7205E+00
    558.9  0.1773E+01  0.1370E+01  0.1370E+01  0.1275E+01  0.7170E+00
    559.6  0.1776E+01  0.1373E+01  0.1373E+01  0.1277E+01  0.7183E+00
    560.3  0.1788E+01  0.1382E+01  0.1382E+01  0.1284E+01  0.7229E+00
    561.1  0.1798E+01  0.1389E+01  0.1389E+01  0.1291E+01  0.7269E+00
    561.8  0.1807E+01  0.1396E+01  0.1396E+01  0.1296E+01  0.7299E+00
    562.5  0.1819E+01  0.1403E+01  0.1403E+01  0.1302E+01  0.7336E+00
    563.2  0.1822E+01  0.1404E+01  0.1404E+01  0.1302E+01  0.7339E+00
    563.9  0.1810E+01  0.1394E+01  0.1394E+01  0.1291E+01  0.7284E+00
    564.7  0.1795E+01  0.1381E+01  0.1381E+01  0.1280E+01  0.7220E+00
    565.4  0.1784E+01  0.1374E+01  0.1374E+01  0.1272E+01  0.7180E+00
    566.1  0.1783E+01  0.1373E+01  0.1373E+01  0.1271E+01  0.7175E+00
    566.8  0.1790E+01  0.1377E+01  0.1377E+01  0.1274E+01  0.7195E+00
    567.5  0.1794E+01  0.1376E+01  0.1376E+01  0.1271E+01  0.7185E+00
    568.3  0.1789E+01  0.1365E+01  0.1365E+01  0.1260E+01  0.7124E+00
    569.0  0.1780E+01  0.1352E+01  0.1352E+01  0.1247E+01  0.7054E+00
    569.7  0.1773E+01  0.1345E+01  0.1345E+01  0.1241E+01  0.7018E+00
    570.4  0.1770E+01  0.1345E+01  0.1345E+01  0.1240E+01  0.7018E+00
    571.1  0.1778E+01  0.1352E+01  0.1352E+01  0.1246E+01  0.7055E+00
    571.9  0.1798E+01  0.1366E+01  0.1366E+01  0.1258E+01  0.7126E+00
    572.6  0.1817E+01  0.1380E+01  0.1380E+01  0.1270E+01  0.7197E+00
    573.3  0.1825E+01  0.1386E+01  0.1386E+01  0.1276E+01  0.7231E+00
    574.0  0.1821E+01  0.1384E+01  0.1384E+01  0.1273E+01  0.7218E+00
    574.7  0.1809E+01  0.1375E+01  0.1375E+01  0.1264E+01  0.7171E+00
    575.5  0.1797E+01  0.1367E+01  0.1367E+01  0.1256E+01  0.7128E+00
    576.2  0.1792E+01  0.1364E+01  0.1364E+01  0.1253E+01  0.7115E+00
    576.9  0.1789E+01  0.1364E+01  0.1364E+01  0.1253E+01  0.7116E+00
    577.6  0.1782E+01  0.1361E+01  0.1361E+01  0.1250E+01  0.7101E+00
    578.3  0.1774E+01  0.1359E+01  0.1359E+01  0.1247E+01  0.7089E+00
    579.1  0.1774E+01  0.1363E+01  0.1363E+01  0.1250E+01  0.7112E+00
    579.8  0.1780E+01  0.1373E+01  0.1373E+01  0.1259E+01  0.7164E+00
    580.5  0.1787E+01  0.1383E+01  0.1383E+01  0.1268E+01  0.7220E+00
    581.2  0.1794E+01  0.1394E+01  0.1394E+01  0.1278E+01  0.7278E+00
    581.9  0.1802E+01  0.1405E+01  0.1405E+01  0.1288E+01  0.7336E+00
    582.7  0.1808E+01  0.1413E+01  0.1413E+01  0.1294E+01  0.7377E+00
    583.4  0.1808E+01  0.1416E+01  0.1416E+01  0.1296E+01  0.7392E+00
    584.1  0.1800E+01  0.1410E+01  0.1410E+01  0.1291E+01  0.7365E+00
    584.8  0.1780E+01  0.1395E+01  0.1395E+01  0.1277E+01  0.7287E+00
    585.5  0.1761E+01  0.1379E+01  0.1379E+01  0.1262E+01  0.7203E+00
    586.3  0.1757E+01  0.1372E+01  0.1372E+01  0.1254E+01  0.7162E+00
    587.0  0.1759E+01  0.1364E+01  0.1364E+01  0.1246E+01  0.7118E+00
    587.7  0.1744E+01  0.1334E+01  0.1334E+01  0.1217E+01  0.6954E+00
    588.4  0.1704E+01  0.1279E+01  0.1279E+01  0.1165E+01  0.6656E+00
    589.1  0.1674E+01  0.1236E+01  0.1236E+01  0.1124E+01  0.6426E+00
    589.9  0.1684E+01  0.1239E+01  0.1239E+01  0.1126E+01  0.6439E+00
    590.6  0.1716E+01  0.1269E+01  0.1269E+01  0.1153E+01  0.6596E+00
    591.3  0.1740E+01  0.1292E+01  0.1292E+01  0.1174E+01  0.6719E+00
    592.0  0.1749E+01  0.1301E+01  0.1301E+01  0.1183E+01  0.6770E+00
    592.7  0.1751E+01  0.1308E+01  0.1308E+01  0.1188E+01  0.6804E+00
    593.5  0.1749E+01  0.1310E+01  0.1310E+01  0.1190E+01  0.6815E+00
    594.2  0.1742E+01  0.1304E+01  0.1304E+01  0.1184E+01  0.6787E+00
    594.9  0.1736E+01  0.1302E+01  0.1302E+01  0.1182E+01  0.6777E+00
    595.6  0.1737E+01  0.1313E+01  0.1313E+01  0.1192E+01  0.6836E+00
    596.3  0.1739E+01  0.1325E+01  0.1325E+01  0.1202E+01  0.6900E+00
    597.1  0.1734E+01  0.1327E+01  0.1327E+01  0.1204E+01  0.6914E+00
    597.8  0.1726E+01  0.1327E+01  0.1327E+01  0.1204E+01  0.6914E+00
    598.5  0.1719E+01  0.1328E+01  0.1328E+01  0.1205E+01  0.6923E+00
    599.2  0.1713E+01  0.1331E+01  0.1331E+01  0.1207E+01  0.6938E+00
    599.9  0.1704E+01  0.1332E+01  0.1332E+01  0.1208E+01  0.6947E+00
    600.7  0.1694E+01  0.1330E+01  0.1330E+01  0.1206E+01  0.6941E+00
    601.4  0.1685E+01  0.1328E+01  0.1328E+01  0.1204E+01  0.6931E+00
    602.1  0.1684E+01  0.1331E+01  0.1331E+01  0.1206E+01  0.6948E+00
    602.8  0.1694E+01  0.1341E+01  0.1341E+01  0.1215E+01  0.7004E+00
    603.5  0.1707E+01  0.1353E+01  0.1353E+01  0.1226E+01  0.7070E+00
    604.3  0.1714E+01  0.1360E+01  0.1360E+01  0.1232E+01  0.7110E+00
    605.0  0.1712E+01  0.1361E+01  0.1361E+01  0.1233E+01  0.7117E+00
    605.7  0.1709E+01  0.1361E+01  0.1361E+01  0.1232E+01  0.7117E+00
    606.4  0.1707E+01  0.1363E+01  0.1363E+01  0.1233E+01  0.7129E+00
    607.1  0.1705E+01  0.1364E+01  0.1364E+01  0.1234E+01  0.7135E+00
    607.9  0.1699E+01  0.1361E+01  0.1361E+01  0.1231E+01  0.7124E+00
    608.6  0.1692E+01  0.1358E+01  0.1358E+01  0.1228E+01  0.7109E+00
    609.3  0.1687E+01  0.1355E+01  0.1355E+01  0.1225E+01  0.7096E+00
    610.0  0.1682E+01  0.1353E+01  0.1353E+01  0.1222E+01  0.7086E+00
    610.7  0.1680E+01  0.1352E+01  0.1352E+01  0.1221E+01  0.7084E+00
    611.5  0.1677E+01  0.1350E+01  0.1350E+01  0.1219E+01  0.7075E+00
    612.2  0.1669E+01  0.1344E+01  0.1344E+01  0.1213E+01  0.7044E+00
    612.9  0.1656E+01  0.1334E+01  0.1334E+01  0.1204E+01  0.6997E+00
    613.6  0.1645E+01  0.1327E+01  0.1327E+01  0.1198E+01  0.6961E+00
    614.3  0.1642E+01  0.1326E+01  0.1326E+01  0.1197E+01  0.6958E+00
    615.1  0.1637E+01  0.1324E+01  0.1324E+01  0.1194E+01  0.6949E+00
    615.8  0.1623E+01  0.1314E+01  0.1314E+01  0.1185E+01  0.6898E+00
    616.5  0.1613E+01  0.1307E+01  0.1307E+01  0.1178E+01  0.6864E+00
    617.2  0.1621E+01  0.1315E+01  0.1315E+01  0.1185E+01  0.6905E+00
    617.9  0.1638E+01  0.1329E+01  0.1329E+01  0.1197E+01  0.6981E+00
    618.7  0.1646E+01  0.1336E+01  0.1336E+01  0.1203E+01  0.7021E+00
    619.4  0.1648E+01  0.1338E+01  0.1338E+01  0.1204E+01  0.7031E+00
    620.1  0.1651E+01  0.1339E+01  0.1339E+01  0.1205E+01  0.7035E+00
    620.8  0.1651E+01  0.1336E+01  0.1336E+01  0.1201E+01  0.7019E+00
    621.5  0.1645E+01  0.1326E+01  0.1326E+01  0.1192E+01  0.6966E+00
    622.3  0.1634E+01  0.1311E+01  0.1311E+01  0.1177E+01  0.6882E+00
    623.0  0.1618E+01  0.1294E+01  0.1294E+01  0.1162E+01  0.6796E+00
    623.7  0.1602E+01  0.1283E+01  0.1283E+01  0.1151E+01  0.6734E+00
    624.4  0.1593E+01  0.1279E+01  0.1279E+01  0.1148E+01  0.6717E+00
    625.1  0.1596E+01  0.1284E+01  0.1284E+01  0.1152E+01  0.6745E+00
    625.9  0.1607E+01  0.1293E+01  0.1293E+01  0.1160E+01  0.6793E+00
    626.6  0.1622E+01  0.1297E+01  0.1297E+01  0.1163E+01  0.6811E+00
    627.3  0.1631E+01  0.1288E+01  0.1288E+01  0.1154E+01  0.6759E+00
    628.0  0.1633E+01  0.1277E+01  0.1277E+01  0.1143E+01  0.6696E+00
    628.7  0.1628E+01  0.1276E+01  0.1276E+01  0.1142E+01  0.6693E+00
    629.5  0.1618E+01  0.1278E+01  0.1278E+01  0.1144E+01  0.6708E+00
    630.2  0.1606E+01  0.1279E+01  0.1279E+01  0.1145E+01  0.6716E+00
    630.9  0.1597E+01  0.1282E+01  0.1282E+01  0.1147E+01  0.6732E+00
    631.6  0.1591E+01  0.1284E+01  0.1284E+01  0.1149E+01  0.6747E+00
    632.3  0.1592E+01  0.1290E+01  0.1290E+01  0.1155E+01  0.6783E+00
    633.1  0.1595E+01  0.1300E+01  0.1300E+01  0.1163E+01  0.6834E+00
    633.8  0.1594E+01  0.1305E+01  0.1305E+01  0.1167E+01  0.6863E+00
    634.5  0.1593E+01  0.1308E+01  0.1308E+01  0.1170E+01  0.6880E+00
    635.2  0.1591E+01  0.1309E+01  0.1309E+01  0.1171E+01  0.6887E+00
    635.9  0.1588E+01  0.1309E+01  0.1309E+01  0.1170E+01  0.6888E+00
    636.7  0.1591E+01  0.1313E+01  0.1313E+01  0.1174E+01  0.6912E+00
    637.4  0.1596E+01  0.1321E+01  0.1321E+01  0.1180E+01  0.6951E+00
    638.1  0.1595E+01  0.1323E+01  0.1323E+01  0.1182E+01  0.6966E+00
    638.8  0.1586E+01  0.1319E+01  0.1319E+01  0.1178E+01  0.6944E+00
    639.5  0.1574E+01  0.1311E+01  0.1311E+01  0.1171E+01  0.6907E+00
    640.3  0.1565E+01  0.1306E+01  0.1306E+01  0.1166E+01  0.6878E+00
    641.0  0.1559E+01  0.1303E+01  0.1303E+01  0.1163E+01  0.6863E+00
    641.7  0.1557E+01  0.1302E+01  0.1302E+01  0.1162E+01  0.6861E+00
    642.4  0.1559E+01  0.1305E+01  0.1305E+01  0.1164E+01  0.6876E+00
    643.1  0.1563E+01  0.1309E+01  0.1309E+01  0.1167E+01  0.6896E+00
    643.9  0.1563E+01  0.1309E+01  0.1309E+01  0.1168E+01  0.6900E+00
    644.6  0.1561E+01  0.1306E+01  0.1306E+01  0.1164E+01  0.6879E+00
    645.3  0.1556E+01  0.1294E+01  0.1294E+01  0.1153E+01  0.6819E+00
    646.0  0.1550E+01  0.1278E+01  0.1278E+01  0.1137E+01  0.6727E+00
    646.7  0.1550E+01  0.1262E+01  0.1262E+01  0.1123E+01  0.6644E+00
    647.5  0.1552E+01  0.1252E+01  0.1252E+01  0.1113E+01  0.6588E+00
    648.2  0.1549E+01  0.1245E+01  0.1245E+01  0.1106E+01  0.6547E+00
    648.9  0.1536E+01  0.1240E+01  0.1240E+01  0.1102E+01  0.6525E+00
    649.6  0.1526E+01  0.1246E+01  0.1246E+01  0.1107E+01  0.6558E+00
    650.3  0.1529E+01  0.1260E+01  0.1260E+01  0.1120E+01  0.6637E+00
    651.1  0.1541E+01  0.1267E+01  0.1267E+01  0.1126E+01  0.6676E+00
    651.8  0.1544E+01  0.1262E+01  0.1262E+01  0.1120E+01  0.6644E+00
    652.5  0.1539E+01  0.1261E+01  0.1261E+01  0.1120E+01  0.6643E+00
    653.2  0.1529E+01  0.1265E+01  0.1265E+01  0.1123E+01  0.6668E+00
    653.9  0.1510E+01  0.1254E+01  0.1254E+01  0.1114E+01  0.6611E+00
    654.7  0.1472E+01  0.1219E+01  0.1219E+01  0.1082E+01  0.6426E+00
    655.4  0.1410E+01  0.1166E+01  0.1166E+01  0.1034E+01  0.6144E+00
    656.1  0.1357E+01  0.1125E+01  0.1125E+01  0.9977E+00  0.5930E+00
    656.8  0.1359E+01  0.1130E+01  0.1130E+01  0.1002E+01  0.5959E+00
    657.5  0.1408E+01  0.1175E+01  0.1175E+01  0.1042E+01  0.6200E+00
    658.3  0.1458E+01  0.1221E+01  0.1221E+01  0.1083E+01  0.6443E+00
    659.0  0.1482E+01  0.1243E+01  0.1243E+01  0.1102E+01  0.6561E+00
    659.7  0.1490E+01  0.1249E+01  0.1249E+01  0.1107E+01  0.6592E+00
    660.4  0.1495E+01  0.1250E+01  0.1250E+01  0.1108E+01  0.6599E+00
    661.1  0.1500E+01  0.1250E+01  0.1250E+01  0.1107E+01  0.6597E+00
    661.9  0.1500E+01  0.1247E+01  0.1247E+01  0.1104E+01  0.6581E+00
    662.6  0.1493E+01  0.1243E+01  0.1243E+01  0.1100E+01  0.6559E+00
    663.3  0.1486E+01  0.1243E+01  0.1243E+01  0.1100E+01  0.6564E+00
    664.0  0.1483E+01  0.1249E+01  0.1249E+01  0.1106E+01  0.6600E+00
    664.7  0.1481E+01  0.1256E+01  0.1256E+01  0.1111E+01  0.6638E+00
    665.5  0.1479E+01  0.1260E+01  0.1260E+01  0.1115E+01  0.6665E+00
    666.2  0.1477E+01  0.1263E+01  0.1263E+01  0.1118E+01  0.6685E+00
    666.9  0.1474E+01  0.1266E+01  0.1266E+01  0.1120E+01  0.6700E+00
    667.6  0.1474E+01  0.1269E+01  0.1269E+01  0.1123E+01  0.6720E+00
    668.3  0.1479E+01  0.1275E+01  0.1275E+01  0.1128E+01  0.6755E+00
    669.1  0.1483E+01  0.1281E+01  0.1281E+01  0.1133E+01  0.6788E+00
    669.8  0.1484E+01  0.1283E+01  0.1283E+01  0.1135E+01  0.6800E+00
    670.5  0.1481E+01  0.1282E+01  0.1282E+01  0.1133E+01  0.6796E+00
    671.2  0.1478E+01  0.1280E+01  0.1280E+01  0.1131E+01  0.6786E+00
    671.9  0.1476E+01  0.1279E+01  0.1279E+01  0.1131E+01  0.6786E+00
    672.7  0.1479E+01  0.1283E+01  0.1283E+01  0.1134E+01  0.6805E+00
    673.4  0.1481E+01  0.1286E+01  0.1286E+01  0.1136E+01  0.6821E+00
    674.1  0.1478E+01  0.1284E+01  0.1284E+01  0.1134E+01  0.6814E+00
    674.8  0.1473E+01  0.1280E+01  0.1280E+01  0.1131E+01  0.6798E+00
    675.5  0.1470E+01  0.1279E+01  0.1279E+01  0.1129E+01  0.6791E+00
    676.3  0.1468E+01  0.1277E+01  0.1277E+01  0.1128E+01  0.6785E+00
    677.0  0.1463E+01  0.1274E+01  0.1274E+01  0.1124E+01  0.6769E+00
    677.7  0.1458E+01  0.1270E+01  0.1270E+01  0.1121E+01  0.6750E+00
    678.4  0.1452E+01  0.1265E+01  0.1265E+01  0.1116E+01  0.6724E+00
    679.1  0.1446E+01  0.1261E+01  0.1261E+01  0.1112E+01  0.6702E+00
    679.9  0.1444E+01  0.1260E+01  0.1260E+01  0.1111E+01  0.6698E+00
    680.6  0.1442E+01  0.1259E+01  0.1259E+01  0.1110E+01  0.6695E+00
    681.3  0.1439E+01  0.1257E+01  0.1257E+01  0.1108E+01  0.6686E+00
    682.0  0.1436E+01  0.1255E+01  0.1255E+01  0.1106E+01  0.6678E+00
    682.7  0.1434E+01  0.1253E+01  0.1253E+01  0.1104E+01  0.6671E+00
    683.5  0.1432E+01  0.1251E+01  0.1251E+01  0.1102E+01  0.6664E+00
    684.2  0.1432E+01  0.1251E+01  0.1251E+01  0.1102E+01  0.6664E+00
    684.9  0.1433E+01  0.1247E+01  0.1247E+01  0.1097E+01  0.6642E+00
    685.6  0.1435E+01  0.1214E+01  0.1214E+01  0.1068E+01  0.6463E+00
    686.3  0.1438E+01  0.1134E+01  0.1134E+01  0.9948E+00  0.6020E+00
    687.1  0.1439E+01  0.1055E+01  0.1055E+01  0.9221E+00  0.5578E+00
    687.8  0.1436E+01  0.1036E+01  0.1036E+01  0.9043E+00  0.5472E+00
    688.5  0.1431E+01  0.1052E+01  0.1052E+01  0.9188E+00  0.5564E+00
    689.2  0.1426E+01  0.1070E+01  0.1070E+01  0.9353E+00  0.5668E+00
    689.9  0.1419E+01  0.1090E+01  0.1090E+01  0.9529E+00  0.5779E+00
    690.7  0.1412E+01  0.1109E+01  0.1109E+01  0.9710E+00  0.5894E+00
    691.4  0.1404E+01  0.1123E+01  0.1123E+01  0.9831E+00  0.5972E+00
    692.1  0.1399E+01  0.1123E+01  0.1123E+01  0.9832E+00  0.5976E+00
    692.8  0.1398E+01  0.1110E+01  0.1110E+01  0.9720E+00  0.5911E+00
    693.5  0.1399E+01  0.1099E+01  0.1099E+01  0.9613E+00  0.5849E+00
    694.3  0.1401E+01  0.1101E+01  0.1101E+01  0.9634E+00  0.5865E+00
    695.0  0.1404E+01  0.1116E+01  0.1116E+01  0.9768E+00  0.5951E+00
    695.7  0.1407E+01  0.1136E+01  0.1136E+01  0.9948E+00  0.6064E+00
    696.4  0.1407E+01  0.1163E+01  0.1163E+01  0.1018E+01  0.6213E+00
    697.1  0.1403E+01  0.1184E+01  0.1184E+01  0.1038E+01  0.6337E+00
    697.9  0.1398E+01  0.1185E+01  0.1185E+01  0.1038E+01  0.6343E+00
    698.6  0.1397E+01  0.1169E+01  0.1169E+01  0.1024E+01  0.6258E+00
    699.3  0.1396E+01  0.1152E+01  0.1152E+01  0.1008E+01  0.6162E+00
    700.0  0.1392E+01  0.1139E+01  0.1139E+01  0.9959E+00  0.6092E+00
    700.7  0.1387E+01  0.1131E+01  0.1131E+01  0.9889E+00  0.6054E+00
    701.5  0.1383E+01  0.1130E+01  0.1130E+01  0.9879E+00  0.6054E+00
    702.2  0.1382E+01  0.1135E+01  0.1135E+01  0.9921E+00  0.6086E+00
    702.9  0.1385E+01  0.1145E+01  0.1145E+01  0.1001E+01  0.6147E+00
    703.6  0.1391E+01  0.1160E+01  0.1160E+01  0.1014E+01  0.6236E+00
    704.3  0.1395E+01  0.1172E+01  0.1172E+01  0.1025E+01  0.6310E+00
    705.1  0.1394E+01  0.1178E+01  0.1178E+01  0.1030E+01  0.6344E+00
    705.8  0.1390E+01  0.1179E+01  0.1179E+01  0.1031E+01  0.6361E+00
    706.5  0.1386E+01  0.1181E+01  0.1181E+01  0.1033E+01  0.6375E+00
    707.2  0.1384E+01  0.1183E+01  0.1183E+01  0.1034E+01  0.6390E+00
    707.9  0.1382E+01  0.1185E+01  0.1185E+01  0.1036E+01  0.6410E+00
    708.7  0.1378E+01  0.1188E+01  0.1188E+01  0.1039E+01  0.6432E+00
    709.4  0.1376E+01  0.1189E+01  0.1189E+01  0.1040E+01  0.6446E+00
    710.1  0.1375E+01  0.1189E+01  0.1189E+01  0.1040E+01  0.6451E+00
    710.8  0.1372E+01  0.1189E+01  0.1189E+01  0.1039E+01  0.6454E+00
    711.5  0.1366E+01  0.1187E+01  0.1187E+01  0.1037E+01  0.6451E+00
    712.3  0.1360E+01  0.1183E+01  0.1183E+01  0.1034E+01  0.6436E+00
    713.0  0.1356E+01  0.1178E+01  0.1178E+01  0.1029E+01  0.6413E+00
    713.7  0.1353E+01  0.1171E+01  0.1171E+01  0.1023E+01  0.6381E+00
    714.4  0.1347E+01  0.1158E+01  0.1158E+01  0.1011E+01  0.6312E+00
    715.1  0.1341E+01  0.1136E+01  0.1136E+01  0.9915E+00  0.6194E+00
    715.9  0.1342E+01  0.1096E+01  0.1096E+01  0.9551E+00  0.5971E+00
    716.6  0.1346E+01  0.1022E+01  0.1022E+01  0.8894E+00  0.5562E+00
    717.3  0.1345E+01  0.9368E+00  0.9368E+00  0.8128E+00  0.5084E+00
    718.0  0.1336E+01  0.8684E+00  0.8684E+00  0.7522E+00  0.4707E+00
    718.7  0.1327E+01  0.8285E+00  0.8285E+00  0.7170E+00  0.4490E+00
    719.5  0.1326E+01  0.8256E+00  0.8256E+00  0.7144E+00  0.4478E+00
    720.2  0.1328E+01  0.8636E+00  0.8636E+00  0.7479E+00  0.4694E+00
    720.9  0.1326E+01  0.9322E+00  0.9322E+00  0.8087E+00  0.5082E+00
    721.6  0.1325E+01  0.1000E+01  0.1000E+01  0.8693E+00  0.5468E+00
    722.3  0.1326E+01  0.1023E+01  0.1023E+01  0.8889E+00  0.5594E+00
    723.1  0.1327E+01  0.9880E+00  0.9880E+00  0.8579E+00  0.5400E+00
    723.8  0.1324E+01  0.9330E+00  0.9330E+00  0.8089E+00  0.5091E+00
    724.5  0.1320E+01  0.8960E+00  0.8960E+00  0.7759E+00  0.4884E+00
    725.2  0.1317E+01  0.8900E+00  0.8900E+00  0.7703E+00  0.4851E+00
    725.9  0.1317E+01  0.9032E+00  0.9032E+00  0.7818E+00  0.4926E+00
    726.7  0.1317E+01  0.9122E+00  0.9122E+00  0.7898E+00  0.4979E+00
    727.4  0.1311E+01  0.9051E+00  0.9051E+00  0.7836E+00  0.4941E+00
    728.1  0.1299E+01  0.8976E+00  0.8976E+00  0.7770E+00  0.4902E+00
    728.8  0.1291E+01  0.9093E+00  0.9093E+00  0.7873E+00  0.4970E+00
    729.5  0.1292E+01  0.9305E+00  0.9305E+00  0.8058E+00  0.5089E+00
    730.3  0.1297E+01  0.9421E+00  0.9421E+00  0.8158E+00  0.5155E+00
    731.0  0.1299E+01  0.9515E+00  0.9515E+00  0.8240E+00  0.5210E+00
    731.7  0.1298E+01  0.9802E+00  0.9802E+00  0.8494E+00  0.5374E+00
    732.4  0.1298E+01  0.1024E+01  0.1024E+01  0.8878E+00  0.5622E+00
    733.1  0.1300E+01  0.1061E+01  0.1061E+01  0.9214E+00  0.5839E+00
    733.9  0.1301E+01  0.1081E+01  0.1081E+01  0.9390E+00  0.5953E+00
    734.6  0.1297E+01  0.1083E+01  0.1083E+01  0.9405E+00  0.5966E+00
    735.3  0.1291E+01  0.1078E+01  0.1078E+01  0.9359E+00  0.5939E+00
    736.0  0.1288E+01  0.1076E+01  0.1076E+01  0.9341E+00  0.5930E+00
    736.7  0.1287E+01  0.1080E+01  0.1080E+01  0.9370E+00  0.5951E+00
    737.5  0.1281E+01  0.1086E+01  0.1086E+01  0.9428E+00  0.5991E+00
    738.2  0.1270E+01  0.1090E+01  0.1090E+01  0.9464E+00  0.6018E+00
    738.9  0.1262E+01  0.1092E+01  0.1092E+01  0.9480E+00  0.6030E+00
    739.6  0.1260E+01  0.1098E+01  0.1098E+01  0.9532E+00  0.6066E+00
    740.3  0.1258E+01  0.1104E+01  0.1104E+01  0.9587E+00  0.6103E+00
    741.1  0.1253E+01  0.1107E+01  0.1107E+01  0.9611E+00  0.6119E+00
    741.8  0.1252E+01  0.1112E+01  0.1112E+01  0.9653E+00  0.6147E+00
    742.5  0.1258E+01  0.1122E+01  0.1122E+01  0.9739E+00  0.6202E+00
    743.2  0.1264E+01  0.1131E+01  0.1131E+01  0.9821E+00  0.6254E+00
    743.9  0.1265E+01  0.1136E+01  0.1136E+01  0.9859E+00  0.6279E+00
    744.7  0.1264E+01  0.1138E+01  0.1138E+01  0.9876E+00  0.6290E+00
    745.4  0.1265E+01  0.1140E+01  0.1140E+01  0.9896E+00  0.6303E+00
    746.1  0.1267E+01  0.1143E+01  0.1143E+01  0.9918E+00  0.6317E+00
    746.8  0.1268E+01  0.1144E+01  0.1144E+01  0.9931E+00  0.6325E+00
    747.5  0.1266E+01  0.1144E+01  0.1144E+01  0.9923E+00  0.6320E+00
    748.3  0.1262E+01  0.1140E+01  0.1140E+01  0.9889E+00  0.6299E+00
    749.0  0.1256E+01  0.1135E+01  0.1135E+01  0.9844E+00  0.6271E+00
    749.7  0.1250E+01  0.1131E+01  0.1131E+01  0.9806E+00  0.6246E+00
    750.4  0.1246E+01  0.1127E+01  0.1127E+01  0.9771E+00  0.6224E+00
    751.1  0.1243E+01  0.1124E+01  0.1124E+01  0.9748E+00  0.6209E+00
    751.9  0.1243E+01  0.1125E+01  0.1125E+01  0.9754E+00  0.6213E+00
    752.6  0.1246E+01  0.1128E+01  0.1128E+01  0.9777E+00  0.6229E+00
    753.3  0.1249E+01  0.1131E+01  0.1131E+01  0.9798E+00  0.6242E+00
    754.0  0.1249E+01  0.1131E+01  0.1131E+01  0.9800E+00  0.6243E+00
    754.7  0.1247E+01  0.1130E+01  0.1130E+01  0.9786E+00  0.6235E+00
    755.5  0.1245E+01  0.1128E+01  0.1128E+01  0.9772E+00  0.6226E+00
    756.2  0.1244E+01  0.1128E+01  0.1128E+01  0.9764E+00  0.6221E+00
    756.9  0.1242E+01  0.1125E+01  0.1125E+01  0.9740E+00  0.6205E+00
    757.6  0.1237E+01  0.1113E+01  0.1113E+01  0.9629E+00  0.6134E+00
    758.3  0.1232E+01  0.1055E+01  0.1055E+01  0.9127E+00  0.5813E+00
    759.1  0.1229E+01  0.8784E+00  0.8784E+00  0.7575E+00  0.4820E+00
    759.8  0.1227E+01  0.5959E+00  0.5959E+00  0.5101E+00  0.3237E+00
    760.5  0.1223E+01  0.3976E+00  0.3976E+00  0.3367E+00  0.2128E+00
    761.2  0.1218E+01  0.4016E+00  0.4016E+00  0.3395E+00  0.2143E+00
    761.9  0.1214E+01  0.4963E+00  0.4963E+00  0.4208E+00  0.2658E+00
    762.6  0.1215E+01  0.5281E+00  0.5281E+00  0.4476E+00  0.2827E+00
    763.4  0.1217E+01  0.5337E+00  0.5337E+00  0.4520E+00  0.2853E+00
    764.1  0.1213E+01  0.5858E+00  0.5858E+00  0.4972E+00  0.3139E+00
    764.8  0.1201E+01  0.6646E+00  0.6646E+00  0.5660E+00  0.3577E+00
    765.5  0.1185E+01  0.7455E+00  0.7455E+00  0.6370E+00  0.4029E+00
    766.2  0.1179E+01  0.8294E+00  0.8294E+00  0.7108E+00  0.4500E+00
    767.0  0.1187E+01  0.9139E+00  0.9139E+00  0.7852E+00  0.4974E+00
    767.7  0.1194E+01  0.9825E+00  0.9825E+00  0.8457E+00  0.5359E+00
    768.4  0.1194E+01  0.1024E+01  0.1024E+01  0.8824E+00  0.5592E+00
    769.1  0.1190E+01  0.1045E+01  0.1045E+01  0.9012E+00  0.5711E+00
    769.8  0.1187E+01  0.1058E+01  0.1058E+01  0.9128E+00  0.5783E+00
    770.6  0.1184E+01  0.1066E+01  0.1066E+01  0.9198E+00  0.5825E+00
    771.3  0.1181E+01  0.1070E+01  0.1070E+01  0.9230E+00  0.5844E+00
    772.0  0.1180E+01  0.1072E+01  0.1072E+01  0.9251E+00  0.5855E+00
    772.7  0.1180E+01  0.1075E+01  0.1075E+01  0.9267E+00  0.5863E+00
    773.4  0.1179E+01  0.1074E+01  0.1074E+01  0.9264E+00  0.5859E+00
    774.2  0.1176E+01  0.1072E+01  0.1072E+01  0.9241E+00  0.5842E+00
    774.9  0.1173E+01  0.1070E+01  0.1070E+01  0.9226E+00  0.5830E+00
    775.6  0.1174E+01  0.1071E+01  0.1071E+01  0.9230E+00  0.5830E+00
    776.3  0.1172E+01  0.1070E+01  0.1070E+01  0.9219E+00  0.5821E+00
    777.0  0.1167E+01  0.1065E+01  0.1065E+01  0.9178E+00  0.5793E+00
    777.8  0.1162E+01  0.1061E+01  0.1061E+01  0.9138E+00  0.5765E+00
    778.5  0.1159E+01  0.1058E+01  0.1058E+01  0.9115E+00  0.5748E+00
    779.2  0.1157E+01  0.1057E+01  0.1057E+01  0.9099E+00  0.5736E+00
    779.9  0.1155E+01  0.1055E+01  0.1055E+01  0.9084E+00  0.5724E+00
    780.6  0.1155E+01  0.1055E+01  0.1055E+01  0.9081E+00  0.5719E+00
    781.4  0.1155E+01  0.1056E+01  0.1056E+01  0.9085E+00  0.5718E+00
    782.1  0.1153E+01  0.1054E+01  0.1054E+01  0.9070E+00  0.5705E+00
    782.8  0.1148E+01  0.1049E+01  0.1049E+01  0.9029E+00  0.5677E+00
    783.5  0.1144E+01  0.1046E+01  0.1046E+01  0.8998E+00  0.5654E+00
    784.2  0.1142E+01  0.1044E+01  0.1044E+01  0.8981E+00  0.5640E+00
    785.0  0.1143E+01  0.1043E+01  0.1043E+01  0.8971E+00  0.5630E+00
    785.7  0.1146E+01  0.1042E+01  0.1042E+01  0.8959E+00  0.5620E+00
    786.4  0.1147E+01  0.1037E+01  0.1037E+01  0.8909E+00  0.5585E+00
    787.1  0.1146E+01  0.1026E+01  0.1026E+01  0.8818E+00  0.5524E+00
    787.8  0.1144E+01  0.1016E+01  0.1016E+01  0.8728E+00  0.5464E+00
    788.6  0.1144E+01  0.1008E+01  0.1008E+01  0.8650E+00  0.5412E+00
    789.3  0.1144E+01  0.9976E+00  0.9976E+00  0.8560E+00  0.5352E+00
    790.0  0.1141E+01  0.9889E+00  0.9889E+00  0.8483E+00  0.5301E+00
    790.7  0.1133E+01  0.9862E+00  0.9862E+00  0.8459E+00  0.5283E+00
    791.4  0.1124E+01  0.9851E+00  0.9851E+00  0.8450E+00  0.5275E+00
    792.2  0.1115E+01  0.9814E+00  0.9814E+00  0.8418E+00  0.5252E+00
    792.9  0.1106E+01  0.9796E+00  0.9796E+00  0.8402E+00  0.5240E+00
    793.6  0.1101E+01  0.9852E+00  0.9852E+00  0.8451E+00  0.5268E+00
    794.3  0.1104E+01  0.9931E+00  0.9931E+00  0.8519E+00  0.5307E+00
    795.0  0.1111E+01  0.9924E+00  0.9924E+00  0.8510E+00  0.5298E+00
    795.8  0.1117E+01  0.9825E+00  0.9825E+00  0.8420E+00  0.5239E+00
    796.5  0.1119E+01  0.9762E+00  0.9762E+00  0.8363E+00  0.5200E+00
    797.2  0.1119E+01  0.9817E+00  0.9817E+00  0.8410E+00  0.5226E+00
    797.9  0.1119E+01  0.9921E+00  0.9921E+00  0.8500E+00  0.5280E+00
    798.6  0.1118E+01  0.9951E+00  0.9951E+00  0.8525E+00  0.5293E+00
    799.4  0.1115E+01  0.9890E+00  0.9890E+00  0.8471E+00  0.5256E+00
    800.1  0.1112E+01  0.9808E+00  0.9808E+00  0.8398E+00  0.5208E+00
    800.8  0.1111E+01  0.9752E+00  0.9752E+00  0.8348E+00  0.5173E+00
    801.5  0.1109E+01  0.9717E+00  0.9717E+00  0.8316E+00  0.5150E+00
    802.2  0.1106E+01  0.9684E+00  0.9684E+00  0.8286E+00  0.5128E+00
    803.0  0.1103E+01  0.9655E+00  0.9655E+00  0.8260E+00  0.5110E+00
    803.7  0.1100E+01  0.9649E+00  0.9649E+00  0.8254E+00  0.5103E+00
    804.4  0.1096E+01  0.9673E+00  0.9673E+00  0.8274E+00  0.5113E+00
    805.1  0.1094E+01  0.9741E+00  0.9741E+00  0.8334E+00  0.5147E+00
    805.8  0.1095E+01  0.9828E+00  0.9828E+00  0.8408E+00  0.5190E+00
    806.6  0.1095E+01  0.9861E+00  0.9861E+00  0.8436E+00  0.5204E+00
    807.3  0.1093E+01  0.9840E+00  0.9840E+00  0.8416E+00  0.5189E+00
    808.0  0.1089E+01  0.9786E+00  0.9786E+00  0.8369E+00  0.5157E+00
    808.7  0.1086E+01  0.9695E+00  0.9695E+00  0.8288E+00  0.5104E+00
    809.4  0.1085E+01  0.9594E+00  0.9594E+00  0.8199E+00  0.5045E+00
    810.2  0.1088E+01  0.9514E+00  0.9514E+00  0.8126E+00  0.4997E+00
    810.9  0.1092E+01  0.9425E+00  0.9425E+00  0.8047E+00  0.4945E+00
    811.6  0.1096E+01  0.9274E+00  0.9274E+00  0.7913E+00  0.4859E+00
    812.3  0.1097E+01  0.9033E+00  0.9033E+00  0.7703E+00  0.4726E+00
    813.0  0.1096E+01  0.8643E+00  0.8643E+00  0.7365E+00  0.4515E+00
    813.8  0.1093E+01  0.8141E+00  0.8141E+00  0.6929E+00  0.4244E+00
    814.5  0.1089E+01  0.7737E+00  0.7737E+00  0.6580E+00  0.4026E+00
    815.2  0.1086E+01  0.7468E+00  0.7468E+00  0.6347E+00  0.3881E+00
    815.9  0.1083E+01  0.7268E+00  0.7268E+00  0.6174E+00  0.3772E+00
    816.6  0.1079E+01  0.7171E+00  0.7171E+00  0.6090E+00  0.3719E+00
    817.4  0.1071E+01  0.7163E+00  0.7163E+00  0.6083E+00  0.3712E+00
    818.1  0.1061E+01  0.7288E+00  0.7288E+00  0.6191E+00  0.3776E+00
    818.8  0.1054E+01  0.7532E+00  0.7532E+00  0.6401E+00  0.3903E+00
    819.5  0.1050E+01  0.7738E+00  0.7738E+00  0.6579E+00  0.4011E+00
    820.2  0.1047E+01  0.8020E+00  0.8020E+00  0.6822E+00  0.4158E+00
    821.0  0.1046E+01  0.8328E+00  0.8328E+00  0.7089E+00  0.4319E+00
    821.7  0.1047E+01  0.8155E+00  0.8155E+00  0.6939E+00  0.4226E+00
    822.4  0.1051E+01  0.7430E+00  0.7430E+00  0.6314E+00  0.3843E+00
    823.1  0.1054E+01  0.7043E+00  0.7043E+00  0.5979E+00  0.3636E+00
    823.8  0.1054E+01  0.7539E+00  0.7539E+00  0.6404E+00  0.3894E+00
    824.6  0.1054E+01  0.8200E+00  0.8200E+00  0.6972E+00  0.4240E+00
    825.3  0.1055E+01  0.8470E+00  0.8470E+00  0.7206E+00  0.4381E+00
    826.0  0.1057E+01  0.8498E+00  0.8498E+00  0.7229E+00  0.4393E+00
    826.7  0.1057E+01  0.8419E+00  0.8419E+00  0.7159E+00  0.4349E+00
    827.4  0.1054E+01  0.8141E+00  0.8141E+00  0.6919E+00  0.4201E+00
    828.2  0.1050E+01  0.7918E+00  0.7918E+00  0.6726E+00  0.4081E+00
    828.9  0.1046E+01  0.7994E+00  0.7994E+00  0.6790E+00  0.4119E+00
    829.6  0.1043E+01  0.8112E+00  0.8112E+00  0.6892E+00  0.4180E+00
    830.3  0.1040E+01  0.8121E+00  0.8121E+00  0.6899E+00  0.4183E+00
    831.0  0.1037E+01  0.8078E+00  0.8078E+00  0.6861E+00  0.4158E+00
    831.8  0.1032E+01  0.8067E+00  0.8067E+00  0.6851E+00  0.4150E+00
    832.5  0.1023E+01  0.8169E+00  0.8169E+00  0.6939E+00  0.4202E+00
    833.2  0.1015E+01  0.8300E+00  0.8300E+00  0.7052E+00  0.4270E+00
    833.9  0.1015E+01  0.8430E+00  0.8430E+00  0.7163E+00  0.4336E+00
    834.6  0.1021E+01  0.8642E+00  0.8642E+00  0.7345E+00  0.4445E+00
    835.4  0.1026E+01  0.8788E+00  0.8788E+00  0.7469E+00  0.4519E+00
    836.1  0.1028E+01  0.8836E+00  0.8836E+00  0.7509E+00  0.4541E+00
    836.8  0.1025E+01  0.8903E+00  0.8903E+00  0.7567E+00  0.4575E+00
    837.5  0.1019E+01  0.8929E+00  0.8929E+00  0.7589E+00  0.4587E+00
    838.2  0.1014E+01  0.8933E+00  0.8933E+00  0.7592E+00  0.4587E+00
    839.0  0.1014E+01  0.9003E+00  0.9003E+00  0.7653E+00  0.4622E+00
    839.7  0.1017E+01  0.9092E+00  0.9092E+00  0.7729E+00  0.4667E+00
    840.4  0.1019E+01  0.9122E+00  0.9122E+00  0.7753E+00  0.4680E+00
    841.1  0.1017E+01  0.9110E+00  0.9110E+00  0.7743E+00  0.4673E+00
    841.8  0.1011E+01  0.9111E+00  0.9111E+00  0.7744E+00  0.4673E+00
    842.6  0.1004E+01  0.9117E+00  0.9117E+00  0.7749E+00  0.4676E+00
    843.3  0.9992E+00  0.9108E+00  0.9108E+00  0.7741E+00  0.4671E+00
    844.0  0.9998E+00  0.9129E+00  0.9129E+00  0.7758E+00  0.4681E+00
    844.7  0.1005E+01  0.9210E+00  0.9210E+00  0.7827E+00  0.4721E+00
    845.4  0.1007E+01  0.9270E+00  0.9270E+00  0.7878E+00  0.4752E+00
    846.2  0.1002E+01  0.9250E+00  0.9250E+00  0.7860E+00  0.4740E+00
    846.9  0.9931E+00  0.9177E+00  0.9177E+00  0.7798E+00  0.4702E+00
    847.6  0.9840E+00  0.9084E+00  0.9084E+00  0.7718E+00  0.4653E+00
    848.3  0.9719E+00  0.8958E+00  0.8958E+00  0.7610E+00  0.4587E+00
    849.0  0.9552E+00  0.8797E+00  0.8797E+00  0.7472E+00  0.4503E+00
    849.8  0.9441E+00  0.8689E+00  0.8689E+00  0.7379E+00  0.4446E+00
    850.5  0.9498E+00  0.8725E+00  0.8725E+00  0.7409E+00  0.4463E+00
    851.2  0.9604E+00  0.8813E+00  0.8813E+00  0.7482E+00  0.4507E+00
    851.9  0.9553E+00  0.8777E+00  0.8777E+00  0.7451E+00  0.4487E+00
    852.6  0.9277E+00  0.8543E+00  0.8543E+00  0.7252E+00  0.4367E+00
    853.4  0.8851E+00  0.8159E+00  0.8159E+00  0.6925E+00  0.4169E+00
    854.1  0.8586E+00  0.7919E+00  0.7919E+00  0.6721E+00  0.4046E+00
    854.8  0.8744E+00  0.8077E+00  0.8077E+00  0.6855E+00  0.4126E+00
    855.5  0.9159E+00  0.8470E+00  0.8470E+00  0.7188E+00  0.4325E+00
    856.2  0.9520E+00  0.8812E+00  0.8812E+00  0.7477E+00  0.4499E+00
    857.0  0.9698E+00  0.8987E+00  0.8987E+00  0.7625E+00  0.4587E+00
    857.7  0.9741E+00  0.9033E+00  0.9033E+00  0.7663E+00  0.4609E+00
    858.4  0.9734E+00  0.9033E+00  0.9033E+00  0.7663E+00  0.4608E+00
    859.1  0.9725E+00  0.9036E+00  0.9036E+00  0.7664E+00  0.4609E+00
    859.8  0.9718E+00  0.9039E+00  0.9039E+00  0.7667E+00  0.4609E+00
    860.6  0.9718E+00  0.9045E+00  0.9045E+00  0.7671E+00  0.4611E+00
    861.3  0.9755E+00  0.9082E+00  0.9082E+00  0.7702E+00  0.4629E+00
    862.0  0.9831E+00  0.9157E+00  0.9157E+00  0.7764E+00  0.4666E+00
    862.7  0.9869E+00  0.9195E+00  0.9195E+00  0.7796E+00  0.4684E+00
    863.4  0.9773E+00  0.9107E+00  0.9107E+00  0.7721E+00  0.4638E+00
    864.2  0.9571E+00  0.8921E+00  0.8921E+00  0.7563E+00  0.4542E+00
    864.9  0.9307E+00  0.8677E+00  0.8677E+00  0.7355E+00  0.4417E+00
    865.6  0.8998E+00  0.8391E+00  0.8391E+00  0.7112E+00  0.4270E+00
    866.3  0.8858E+00  0.8262E+00  0.8262E+00  0.7002E+00  0.4204E+00
    867.0  0.9025E+00  0.8420E+00  0.8420E+00  0.7135E+00  0.4283E+00
    867.8  0.9318E+00  0.8694E+00  0.8694E+00  0.7366E+00  0.4421E+00
    868.5  0.9497E+00  0.8863E+00  0.8863E+00  0.7509E+00  0.4506E+00
    869.2  0.9568E+00  0.8931E+00  0.8931E+00  0.7566E+00  0.4539E+00
    869.9  0.9618E+00  0.8978E+00  0.8978E+00  0.7605E+00  0.4562E+00
    870.6  0.9622E+00  0.8984E+00  0.8984E+00  0.7609E+00  0.4564E+00
    871.4  0.9589E+00  0.8954E+00  0.8954E+00  0.7583E+00  0.4547E+00
    872.1  0.9556E+00  0.8924E+00  0.8924E+00  0.7557E+00  0.4531E+00
    872.8  0.9519E+00  0.8892E+00  0.8892E+00  0.7529E+00  0.4513E+00
    873.5  0.9459E+00  0.8836E+00  0.8836E+00  0.7481E+00  0.4484E+00
    874.2  0.9377E+00  0.8759E+00  0.8759E+00  0.7415E+00  0.4444E+00
    875.0  0.9316E+00  0.8702E+00  0.8702E+00  0.7366E+00  0.4414E+00
    875.7  0.9320E+00  0.8704E+00  0.8704E+00  0.7367E+00  0.4413E+00
    876.4  0.9370E+00  0.8751E+00  0.8751E+00  0.7406E+00  0.4436E+00
    877.1  0.9430E+00  0.8805E+00  0.8805E+00  0.7451E+00  0.4463E+00
    877.8  0.9458E+00  0.8829E+00  0.8829E+00  0.7471E+00  0.4473E+00
    878.6  0.9419E+00  0.8791E+00  0.8791E+00  0.7438E+00  0.4453E+00
    879.3  0.9321E+00  0.8700E+00  0.8700E+00  0.7360E+00  0.4406E+00
    880.0  0.9216E+00  0.8597E+00  0.8597E+00  0.7271E+00  0.4352E+00
    880.7  0.9161E+00  0.8533E+00  0.8533E+00  0.7217E+00  0.4319E+00
    881.4  0.9182E+00  0.8543E+00  0.8543E+00  0.7224E+00  0.4324E+00
    882.2  0.9236E+00  0.8593E+00  0.8593E+00  0.7266E+00  0.4349E+00
    882.9  0.9266E+00  0.8626E+00  0.8626E+00  0.7293E+00  0.4365E+00
    883.6  0.9268E+00  0.8631E+00  0.8631E+00  0.7297E+00  0.4367E+00
    884.3  0.9257E+00  0.8616E+00  0.8616E+00  0.7283E+00  0.4359E+00
    885.0  0.9202E+00  0.8545E+00  0.8545E+00  0.7222E+00  0.4322E+00
    885.8  0.9101E+00  0.8422E+00  0.8422E+00  0.7117E+00  0.4259E+00
    886.5  0.9041E+00  0.8355E+00  0.8355E+00  0.7060E+00  0.4225E+00
    887.2  0.9069E+00  0.8382E+00  0.8382E+00  0.7082E+00  0.4238E+00
    887.9  0.9138E+00  0.8449E+00  0.8449E+00  0.7138E+00  0.4272E+00
    888.6  0.9185E+00  0.8507E+00  0.8507E+00  0.7187E+00  0.4301E+00
    889.4  0.9201E+00  0.8520E+00  0.8520E+00  0.7197E+00  0.4307E+00
    890.1  0.9191E+00  0.8488E+00  0.8488E+00  0.7169E+00  0.4290E+00
    890.8  0.9149E+00  0.8423E+00  0.8423E+00  0.7113E+00  0.4256E+00
    891.5  0.9081E+00  0.8299E+00  0.8299E+00  0.7006E+00  0.4192E+00
    892.2  0.9016E+00  0.8113E+00  0.8113E+00  0.6847E+00  0.4097E+00
    893.0  0.8979E+00  0.7885E+00  0.7885E+00  0.6652E+00  0.3979E+00
    893.7  0.8967E+00  0.7614E+00  0.7614E+00  0.6419E+00  0.3839E+00
    894.4  0.8968E+00  0.7290E+00  0.7290E+00  0.6140E+00  0.3671E+00
    895.1  0.8984E+00  0.6911E+00  0.6911E+00  0.5816E+00  0.3476E+00
    895.8  0.9003E+00  0.6469E+00  0.6469E+00  0.5440E+00  0.3250E+00
    896.6  0.8992E+00  0.6025E+00  0.6025E+00  0.5062E+00  0.3024E+00
    897.3  0.8969E+00  0.5745E+00  0.5745E+00  0.4824E+00  0.2881E+00
    898.0  0.8953E+00  0.5542E+00  0.5542E+00  0.4652E+00  0.2778E+00
    898.7  0.8917E+00  0.5325E+00  0.5325E+00  0.4469E+00  0.2668E+00
    899.4  0.8825E+00  0.5368E+00  0.5368E+00  0.4506E+00  0.2691E+00
    900.2  0.8687E+00  0.5454E+00  0.5454E+00  0.4578E+00  0.2734E+00
    900.9  0.8571E+00  0.5327E+00  0.5327E+00  0.4469E+00  0.2669E+00
    901.6  0.8558E+00  0.5380E+00  0.5380E+00  0.4514E+00  0.2696E+00
    902.3  0.8658E+00  0.5701E+00  0.5701E+00  0.4786E+00  0.2859E+00
    903.0  0.8794E+00  0.6185E+00  0.6185E+00  0.5196E+00  0.3105E+00
    903.8  0.8882E+00  0.6762E+00  0.6762E+00  0.5685E+00  0.3399E+00
    904.5  0.8896E+00  0.7072E+00  0.7072E+00  0.5949E+00  0.3557E+00
    905.2  0.8848E+00  0.6946E+00  0.6946E+00  0.5842E+00  0.3493E+00
    905.9  0.8784E+00  0.6497E+00  0.6497E+00  0.5461E+00  0.3264E+00
    906.6  0.8741E+00  0.5915E+00  0.5915E+00  0.4966E+00  0.2967E+00
    907.4  0.8692E+00  0.5531E+00  0.5531E+00  0.4640E+00  0.2772E+00
    908.1  0.8613E+00  0.5486E+00  0.5486E+00  0.4601E+00  0.2749E+00
    908.8  0.8550E+00  0.5534E+00  0.5534E+00  0.4641E+00  0.2773E+00
    909.5  0.8548E+00  0.5442E+00  0.5442E+00  0.4563E+00  0.2726E+00
    910.2  0.8574E+00  0.5356E+00  0.5356E+00  0.4490E+00  0.2682E+00
    911.0  0.8586E+00  0.5436E+00  0.5436E+00  0.4558E+00  0.2723E+00
    911.7  0.8608E+00  0.5515E+00  0.5515E+00  0.4624E+00  0.2763E+00
    912.4  0.8658E+00  0.5417E+00  0.5417E+00  0.4540E+00  0.2712E+00
    913.1  0.8694E+00  0.5238E+00  0.5238E+00  0.4387E+00  0.2620E+00
    913.8  0.8679E+00  0.5174E+00  0.5174E+00  0.4332E+00  0.2587E+00
    914.6  0.8641E+00  0.5203E+00  0.5203E+00  0.4356E+00  0.2602E+00
    915.3  0.8616E+00  0.5165E+00  0.5165E+00  0.4324E+00  0.2583E+00
    916.0  0.8594E+00  0.5172E+00  0.5172E+00  0.4330E+00  0.2587E+00
    916.7  0.8564E+00  0.5338E+00  0.5338E+00  0.4470E+00  0.2671E+00
    917.4  0.8547E+00  0.5387E+00  0.5387E+00  0.4511E+00  0.2696E+00
    918.2  0.8551E+00  0.5459E+00  0.5459E+00  0.4573E+00  0.2733E+00
    918.9  0.8543E+00  0.5823E+00  0.5823E+00  0.4881E+00  0.2918E+00
    919.6  0.8493E+00  0.6192E+00  0.6192E+00  0.5195E+00  0.3107E+00
    920.3  0.8402E+00  0.6373E+00  0.6373E+00  0.5349E+00  0.3200E+00
    921.0  0.8303E+00  0.6360E+00  0.6360E+00  0.5338E+00  0.3194E+00
    921.8  0.8221E+00  0.6223E+00  0.6223E+00  0.5222E+00  0.3124E+00
    922.5  0.8152E+00  0.6174E+00  0.6174E+00  0.5181E+00  0.3099E+00
    923.2  0.8140E+00  0.6166E+00  0.6166E+00  0.5172E+00  0.3094E+00
    923.9  0.8191E+00  0.6052E+00  0.6052E+00  0.5074E+00  0.3035E+00
    924.6  0.8229E+00  0.5932E+00  0.5932E+00  0.4972E+00  0.2973E+00
    925.4  0.8231E+00  0.5927E+00  0.5927E+00  0.4967E+00  0.2970E+00
    926.1  0.8256E+00  0.6035E+00  0.6035E+00  0.5057E+00  0.3025E+00
    926.8  0.8328E+00  0.5992E+00  0.5992E+00  0.5020E+00  0.3002E+00
    927.5  0.8382E+00  0.5459E+00  0.5459E+00  0.4568E+00  0.2731E+00
    928.2  0.8381E+00  0.4673E+00  0.4673E+00  0.3903E+00  0.2331E+00
    929.0  0.8356E+00  0.4006E+00  0.4006E+00  0.3340E+00  0.1994E+00
    929.7  0.8347E+00  0.3462E+00  0.3462E+00  0.2881E+00  0.1719E+00
    930.4  0.8350E+00  0.3025E+00  0.3025E+00  0.2514E+00  0.1499E+00
    931.1  0.8344E+00  0.2622E+00  0.2622E+00  0.2176E+00  0.1297E+00
    931.8  0.8334E+00  0.2158E+00  0.2158E+00  0.1788E+00  0.1065E+00
    932.6  0.8331E+00  0.1702E+00  0.1702E+00  0.1407E+00  0.8375E-01
    933.3  0.8326E+00  0.1321E+00  0.1321E+00  0.1090E+00  0.6483E-01
    934.0  0.8302E+00  0.1138E+00  0.1138E+00  0.9386E-01  0.5580E-01
    934.7  0.8260E+00  0.1185E+00  0.1185E+00  0.9772E-01  0.5812E-01
    935.4  0.8224E+00  0.1176E+00  0.1176E+00  0.9703E-01  0.5771E-01
    936.2  0.8215E+00  0.1050E+00  0.1050E+00  0.8656E-01  0.5147E-01
    936.9  0.8225E+00  0.1032E+00  0.1032E+00  0.8507E-01  0.5058E-01
    937.6  0.8227E+00  0.1277E+00  0.1277E+00  0.1054E+00  0.6274E-01
    938.3  0.8205E+00  0.1852E+00  0.1852E+00  0.1534E+00  0.9141E-01
    939.0  0.8156E+00  0.2559E+00  0.2559E+00  0.2124E+00  0.1267E+00
    939.8  0.8071E+00  0.2979E+00  0.2979E+00  0.2475E+00  0.1477E+00
    940.5  0.7965E+00  0.2960E+00  0.2960E+00  0.2459E+00  0.1467E+00
    941.2  0.7907E+00  0.2783E+00  0.2783E+00  0.2310E+00  0.1378E+00
    941.9  0.7933E+00  0.2610E+00  0.2610E+00  0.2165E+00  0.1292E+00
    942.6  0.7980E+00  0.2337E+00  0.2337E+00  0.1937E+00  0.1156E+00
    943.4  0.7992E+00  0.2134E+00  0.2134E+00  0.1769E+00  0.1055E+00
    944.1  0.7987E+00  0.2153E+00  0.2153E+00  0.1785E+00  0.1065E+00
    944.8  0.8002E+00  0.2157E+00  0.2157E+00  0.1788E+00  0.1067E+00
    945.5  0.8028E+00  0.1969E+00  0.1969E+00  0.1631E+00  0.9731E-01
    946.2  0.8048E+00  0.1905E+00  0.1905E+00  0.1577E+00  0.9410E-01
    947.0  0.8060E+00  0.2099E+00  0.2099E+00  0.1738E+00  0.1038E+00
    947.7  0.8066E+00  0.2300E+00  0.2300E+00  0.1906E+00  0.1138E+00
    948.4  0.8063E+00  0.2501E+00  0.2501E+00  0.2074E+00  0.1239E+00
    949.1  0.8046E+00  0.2447E+00  0.2447E+00  0.2029E+00  0.1213E+00
    949.8  0.8019E+00  0.2161E+00  0.2161E+00  0.1791E+00  0.1070E+00
    950.6  0.7990E+00  0.2273E+00  0.2273E+00  0.1885E+00  0.1126E+00
    951.3  0.7970E+00  0.2438E+00  0.2438E+00  0.2021E+00  0.1208E+00
    952.0  0.7944E+00  0.2283E+00  0.2283E+00  0.1892E+00  0.1130E+00
    952.7  0.7886E+00  0.2294E+00  0.2294E+00  0.1900E+00  0.1136E+00
    953.4  0.7783E+00  0.2532E+00  0.2532E+00  0.2099E+00  0.1255E+00
    954.2  0.7679E+00  0.2635E+00  0.2635E+00  0.2186E+00  0.1307E+00
    954.9  0.7647E+00  0.2513E+00  0.2513E+00  0.2084E+00  0.1247E+00
    955.6  0.7708E+00  0.2351E+00  0.2351E+00  0.1950E+00  0.1167E+00
    956.3  0.7780E+00  0.2246E+00  0.2246E+00  0.1863E+00  0.1115E+00
    957.0  0.7816E+00  0.2386E+00  0.2386E+00  0.1979E+00  0.1185E+00
    957.8  0.7840E+00  0.2793E+00  0.2793E+00  0.2319E+00  0.1389E+00
    958.5  0.7853E+00  0.3008E+00  0.3008E+00  0.2499E+00  0.1497E+00
    959.2  0.7837E+00  0.2994E+00  0.2994E+00  0.2486E+00  0.1489E+00
    959.9  0.7806E+00  0.3086E+00  0.3086E+00  0.2562E+00  0.1535E+00
    960.6  0.7786E+00  0.3284E+00  0.3284E+00  0.2729E+00  0.1636E+00
    961.4  0.7768E+00  0.3434E+00  0.3434E+00  0.2855E+00  0.1712E+00
    962.1  0.7740E+00  0.3557E+00  0.3557E+00  0.2959E+00  0.1776E+00
    962.8  0.7714E+00  0.3701E+00  0.3701E+00  0.3079E+00  0.1849E+00
    963.5  0.7697E+00  0.3765E+00  0.3765E+00  0.3134E+00  0.1882E+00
    964.2  0.7682E+00  0.3792E+00  0.3792E+00  0.3156E+00  0.1896E+00
    965.0  0.7660E+00  0.3857E+00  0.3857E+00  0.3209E+00  0.1929E+00
    965.7  0.7640E+00  0.3908E+00  0.3908E+00  0.3251E+00  0.1954E+00
    966.4  0.7640E+00  0.4025E+00  0.4025E+00  0.3350E+00  0.2014E+00
    967.1  0.7652E+00  0.4440E+00  0.4440E+00  0.3700E+00  0.2227E+00
    967.8  0.7658E+00  0.5099E+00  0.5099E+00  0.4256E+00  0.2564E+00
    968.6  0.7655E+00  0.5562E+00  0.5562E+00  0.4645E+00  0.2800E+00
    969.3  0.7650E+00  0.5665E+00  0.5665E+00  0.4732E+00  0.2853E+00
    970.0  0.7642E+00  0.5707E+00  0.5707E+00  0.4767E+00  0.2875E+00
    970.7  0.7633E+00  0.5893E+00  0.5893E+00  0.4925E+00  0.2971E+00
    971.4  0.7625E+00  0.5965E+00  0.5965E+00  0.4985E+00  0.3009E+00
    972.2  0.7605E+00  0.5705E+00  0.5705E+00  0.4766E+00  0.2877E+00
    972.9  0.7565E+00  0.5280E+00  0.5280E+00  0.4407E+00  0.2660E+00
    973.6  0.7526E+00  0.4983E+00  0.4983E+00  0.4156E+00  0.2509E+00
    974.3  0.7516E+00  0.4894E+00  0.4894E+00  0.4081E+00  0.2464E+00
    975.0  0.7524E+00  0.4882E+00  0.4882E+00  0.4071E+00  0.2459E+00
    975.8  0.7522E+00  0.4901E+00  0.4901E+00  0.4086E+00  0.2468E+00
    976.5  0.7509E+00  0.5045E+00  0.5045E+00  0.4208E+00  0.2543E+00
    977.2  0.7495E+00  0.5205E+00  0.5205E+00  0.4343E+00  0.2625E+00
    977.9  0.7477E+00  0.5251E+00  0.5251E+00  0.4380E+00  0.2649E+00
    978.6  0.7458E+00  0.5266E+00  0.5266E+00  0.4393E+00  0.2658E+00
    979.4  0.7453E+00  0.5306E+00  0.5306E+00  0.4427E+00  0.2679E+00
    980.1  0.7466E+00  0.5486E+00  0.5486E+00  0.4579E+00  0.2773E+00
    980.8  0.7481E+00  0.5814E+00  0.5814E+00  0.4856E+00  0.2942E+00
    981.5  0.7480E+00  0.5988E+00  0.5988E+00  0.5002E+00  0.3033E+00
    982.2  0.7461E+00  0.5956E+00  0.5956E+00  0.4975E+00  0.3018E+00
    983.0  0.7437E+00  0.5987E+00  0.5987E+00  0.5001E+00  0.3035E+00
    983.7  0.7422E+00  0.6156E+00  0.6156E+00  0.5144E+00  0.3124E+00
    984.4  0.7413E+00  0.6257E+00  0.6257E+00  0.5229E+00  0.3178E+00
    985.1  0.7400E+00  0.6316E+00  0.6316E+00  0.5279E+00  0.3210E+00
    985.8  0.7380E+00  0.6474E+00  0.6474E+00  0.5413E+00  0.3294E+00
    986.6  0.7362E+00  0.6589E+00  0.6589E+00  0.5510E+00  0.3355E+00
    987.3  0.7349E+00  0.6606E+00  0.6606E+00  0.5524E+00  0.3365E+00
    988.0  0.7327E+00  0.6625E+00  0.6625E+00  0.5541E+00  0.3377E+00
    988.7  0.7293E+00  0.6661E+00  0.6661E+00  0.5571E+00  0.3398E+00
    989.4  0.7273E+00  0.6662E+00  0.6662E+00  0.5572E+00  0.3400E+00
    990.2  0.7275E+00  0.6670E+00  0.6670E+00  0.5578E+00  0.3405E+00
    990.9  0.7286E+00  0.6732E+00  0.6732E+00  0.5631E+00  0.3440E+00
    991.6  0.7295E+00  0.6781E+00  0.6781E+00  0.5672E+00  0.3467E+00
    992.3  0.7297E+00  0.6768E+00  0.6768E+00  0.5661E+00  0.3462E+00
    993.0  0.7293E+00  0.6752E+00  0.6752E+00  0.5647E+00  0.3455E+00
    993.8  0.7285E+00  0.6788E+00  0.6788E+00  0.5678E+00  0.3476E+00
    994.5  0.7273E+00  0.6832E+00  0.6832E+00  0.5715E+00  0.3500E+00
    995.2  0.7261E+00  0.6841E+00  0.6841E+00  0.5722E+00  0.3507E+00
    995.9  0.7253E+00  0.6831E+00  0.6831E+00  0.5714E+00  0.3503E+00
    996.6  0.7246E+00  0.6824E+00  0.6824E+00  0.5707E+00  0.3501E+00
    997.4  0.7236E+00  0.6815E+00  0.6815E+00  0.5700E+00  0.3498E+00
    998.1  0.7219E+00  0.6799E+00  0.6799E+00  0.5686E+00  0.3492E+00
    998.8  0.7202E+00  0.6777E+00  0.6777E+00  0.5667E+00  0.3482E+00
    999.5  0.7193E+00  0.6757E+00  0.6757E+00  0.5650E+00  0.3473E+00
   1000.2  0.7197E+00  0.6749E+00  0.6749E+00  0.5643E+00  0.3471E+00
   1001.0  0.7202E+00  0.6731E+00  0.6731E+00  0.5628E+00  0.3464E+00
   1001.7  0.7189E+00  0.6680E+00  0.6680E+00  0.5584E+00  0.3440E+00
   1002.4  0.7146E+00  0.6640E+00  0.6640E+00  0.5550E+00  0.3422E+00
   1003.1  0.7073E+00  0.6606E+00  0.6606E+00  0.5522E+00  0.3407E+00
   1003.8  0.6966E+00  0.6530E+00  0.6530E+00  0.5459E+00  0.3371E+00
   1004.6  0.6858E+00  0.6445E+00  0.6445E+00  0.5388E+00  0.3330E+00
   1005.3  0.6838E+00  0.6438E+00  0.6438E+00  0.5381E+00  0.3329E+00
   1006.0  0.6921E+00  0.6515E+00  0.6515E+00  0.5446E+00  0.3372E+00
   1006.7  0.7015E+00  0.6600E+00  0.6600E+00  0.5517E+00  0.3418E+00
   1007.4  0.7063E+00  0.6633E+00  0.6633E+00  0.5544E+00  0.3438E+00
