 11 2000.395234 9.313E-29 7.216E-01.02540.281 4265.97560.47-.011058          0 2 0          0 1 0 11  9  2       11  8  3      4442334432297122 9    81.0   75.0
 11 2000.396957 3.105E-29 7.217E-01.02540.281 4265.97360.47-.011051          0 2 0          0 1 0 11  9  3       11  8  4      3442334432297122 9    81.0   75.0
 11 2000.416146 2.332E-27 6.702E-03.07020.365 2552.85720.63-.006649          0 0 1          0 1 0  7  3  5        6  5  2      454446441884672224    81.0   75.0
 11 2000.903300 3.567E-24 5.800E+00.04080.220 2406.14300.52-.009699          0 2 0          0 1 0  6  6  1        5  5  0      586521305967662423    39.0   33.0
 11 2001.016658 1.330E-24 6.488E+00.03870.207 2406.14100.74-.009819          0 2 0          0 1 0  6  6  0        5  5  1      484420445967662423    13.0   11.0
 11 2001.205406 2.820E-29 8.300E-01.02480.265 4557.54490.44-.010312          0 2 0          0 1 0 12  9  4       12  8  5      3442334432297122 9    81.0   75.0
 11 2001.290034 2.054E-29 2.656E+00.04930.352 4782.66210.61-.008675          0 1 1          0 0 1  8  6  2        7  5  3      4442334432287122 7    81.0   75.0
 11 2001.375137 1.059E-29 1.221E-01.07230.352 4033.61430.61-.013986          0 1 1          0 2 0  7  1  6        7  3  5      4442334432287122 8    81.0   75.0
 11 2001.487509 6.731E-28 6.781E-01.08920.412 3375.29770.69-.001579          1 1 0          0 2 0  3  1  3        4  0  4      4742234433257122 7    81.0   75.0
 11 2001.576569 3.500E-27 1.390E+01.00230.172 4021.21640.32-.005992          0 1 0          0 0 0 20  1 19       19  2 18      3742234433297122 9    81.0   75.0
 11 2001.576748 1.050E-26 1.390E+01.00230.172 4021.21460.32-.005992          0 1 0          0 0 0 20  2 19       19  1 18      4742234433297122 9    81.0   75.0
 11 2001.885750 4.070E-25 6.624E-01.07180.371 2406.14300.41-.004979          0 0 1          0 1 0  6  3  3        5  5  0      566526305910162524    39.0   33.0
 11 2001.922463 2.697E-29 4.209E-01.04410.250 4442.71140.41-.018874          0 0 1          0 1 0 13  6  8       13  6  7      4442334432297122 9    81.0   75.0
 11 2002.996765 2.304E-24 3.683E-01.09440.499 1731.89670.70-.001059          1 0 0          0 1 0  2  1  2        3  0  3      585620445967662423    15.0   21.0
 11 2003.392310 2.620E-24 5.349E-01.10180.452 1677.06140.78-.012169          1 0 0          0 1 0  1  0  1        2  1  2      585820305967162423     9.0   15.0
 11 2003.571992 9.083E-28 6.551E+00.05140.292 4188.39410.61-.006019          0 3 0          0 2 0  8  5  4        7  4  3      474426443384672224    81.0   75.0
 11 2003.611115 6.546E-29 4.310E-03.05910.298 3058.39770.51-.009584          0 0 1          0 1 0 11  0 11       10  2  8      444233443231712210    81.0   75.0
 11 2003.635560 3.952E-25 6.459E-01.07850.457 2146.26360.63-.005089          0 0 1          0 1 0  5  1  4        6  1  5      576626305910162224    11.0   13.0
 11 2004.015596 7.640E-28 7.491E-01.09780.434 3299.99090.71-.007133          1 1 0          0 2 0  2  0  2        3  1  3      4742234433257122 7    81.0   75.0
 11 2004.187750 7.934E-25 4.653E-01.08260.430 2161.28590.95-.009749          0 0 1          0 1 0  5  2  4        6  2  5      586720305910162545    33.0   39.0
 11 2004.523340 7.430E-26 4.587E-02.07940.376 2130.49420.67-.004049          1 0 0          0 1 0  4  4  1        5  3  2      564426305984672224    27.0   33.0
 11 2004.839794 6.911E-28 9.803E-01.08070.391 3722.73100.67-.001669          0 1 1          0 2 0  4  3  1        5  3  2      4742234433257122 7    81.0   75.0
 11 2004.901640 6.610E-25 4.464E-01.10690.479 1922.90040.69-.007849          1 0 0          0 1 0  4  1  3        4  2  2      566526305910162224     9.0    9.0
 11 2005.469988 1.320E-25 6.869E+00.02250.191 3083.86440.37-.006459          0 1 0          0 0 0 16  3 13       15  4 12      354426445984162224    33.0   31.0
 11 2005.479063 2.573E-27 3.660E-03.06740.341 2181.08980.610.004490          0 2 0          0 1 0  7  4  4        7  1  7      574426443384672224    81.0   75.0
 11 2005.675950 3.047E-28 6.548E+00.04750.278 4186.56880.61-.002749          0 3 0          0 2 0  8  5  3        7  4  4      474426443384672224    81.0   75.0
 11 2005.877880 7.110E-26 1.743E-02.10150.452 1819.33510.71-.009879          0 0 1          0 1 0  2  0  2        3  2  1      554426305984672224    15.0   21.0
 11 2006.472100 3.999E-29 2.922E-01.06380.250 4285.64650.41-.015528          0 0 1          0 1 0 13  5  9       13  5  8      4442334432297122 9    81.0   75.0
 11 2006.605332 1.616E-27 5.301E-02.05660.318 3101.12340.57-.000619          1 0 0          0 1 0  9  5  4        8  6  3      474426443384672224    81.0   75.0
 11 2006.764142 2.334E-28 9.796E-01.07540.391 3719.49100.67-.005156          0 1 1          0 2 0  4  3  2        5  3  3      444233443225712210    81.0   75.0
 11 2006.977980 5.452E-25 2.777E-01.09150.470 1743.48630.72-.004529          1 0 0          0 1 0  2  1  1        2  2  0      576626305910162224     5.0    5.0
 11 2007.066432 8.284E-29 5.445E-04.01910.221 2631.28220.37-.004892          0 1 0          0 0 0 14  5  9       15  2 14      344233443231712211    81.0   75.0
 11 2007.198446 9.259E-28 6.761E-01.09140.391 3626.92230.67-.007442          1 1 0          0 2 0  5  1  4        5  2  3      4742234433257122 7    81.0   75.0
 11 2007.206712 5.040E-28 4.963E-02.04830.333 3101.14200.57-.007186          1 0 0          0 1 0  9  5  5        8  6  2      4742234433287122 8    81.0   75.0
 11 2007.292240 7.709E-27 2.140E-03.09270.410 1739.48370.710.006020          0 2 0          0 1 0  4  4  0        3  1  3      574426303384672224    81.0   75.0
 11 2007.561377 2.148E-29 4.632E-03.09000.434 3334.62650.710.005273          0 3 0          0 2 0  4  4  1        3  1  2      4442334432257122 7    81.0   75.0
 11 2007.700220 3.941E-22 2.703E+00.07720.383 1131.77550.60-.006499          0 1 0          0 0 0  9  5  5        8  4  4      686420595967662423    19.0   17.0
 11 2007.700940 8.485E-26 9.401E-02.08400.435 2024.15230.67-.000269          1 0 0          0 1 0  4  3  1        5  2  4      574426303384672224    81.0   75.0
 11 2007.987536 4.154E-29 2.140E-02.09970.434 3392.74930.71-.009121          0 1 1          0 2 0  2  0  2        3  2  1      4442334432257122 7    81.0   75.0
 11 2008.057530 2.240E-24 3.932E-01.09680.461 1819.33510.90-.004829          1 0 0          0 1 0  3  1  2        3  2  1      588521305910662545    21.0   21.0
 11 2008.092241 2.348E-28 2.097E-01.08810.391 3626.92240.67-.001595          1 1 0          0 2 0  4  3  2        5  2  3      4442534432257122 7    81.0   75.0
 11 2008.175202 4.366E-29 4.756E-01.04110.265 4125.59810.44-.015499          0 0 1          0 1 0 12  6  7       12  6  6      4442334432297122 9    81.0   75.0
 11 2008.390760 1.579E-26 2.878E-02.07480.357 2126.40760.67-.004419          1 0 0          0 1 0  4  4  0        5  3  3      554426303384672224    81.0   75.0
 11 2008.644029 1.153E-27 3.705E-02.06980.281 3135.76420.470.005030          0 2 0          0 1 0 11  4  7       11  1 10      4742234433287122 8    81.0   75.0
 11 2008.758020 1.077E-28 8.591E-02.05990.265 3587.66550.440.014965          0 2 0          0 1 0 12  5  7       12  2 10      3442334432297122 9    81.0   75.0
 11 2009.016280 1.645E-26 8.263E-02.06950.392 2439.95440.61-.010829          0 0 1          0 1 0  7  1  6        7  3  5      574426303384672224    81.0   75.0
 11 2009.147493 1.328E-29 1.666E+00.04010.333 4774.80470.57-.007012          0 1 1          0 2 0  8  6  2        8  6  3      4442334432257122 7    81.0   75.0
 11 2009.333720 2.153E-22 1.167E-01.07750.414  586.47920.70-.001109          0 1 0          0 0 0  8  2  6        7  1  7      686520595967662423    17.0   15.0
 11 2009.780670 5.089E-29 1.003E-01.08590.371 3864.96560.63-.009474          0 1 1          0 2 0  6  1  5        6  3  4      4442334432257122 7    81.0   75.0
 11 2010.419371 4.645E-29 3.611E-02.08900.412 3597.86620.69-.008121          0 1 1          0 2 0  4  1  3        4  3  2      4442334432257122 7    81.0   75.0
 11 2010.454292 1.538E-28 2.126E-01.09420.412 3438.57470.690.001260          1 1 0          0 2 0  3  2  2        4  1  3      4442234432257122 7    81.0   75.0
 11 2010.555527 2.070E-26 2.670E+00.03690.111 3269.53860.37-.014009          0 1 0          0 0 0 16  4 12       15  5 11      374326443384162224    33.0   31.0
 11 2010.989716 3.804E-29 2.091E+00.03820.352 4578.97950.61-.007737          0 1 1          0 2 0  7  6  2        7  6  1      4442334432257122 7    81.0   75.0
 11 2011.022590 1.054E-24 1.349E-02.08100.381 1524.84730.850.009360          0 1 0          0 0 0 11  4  7       11  1 10      578521305910662545    69.0   69.0
 11 2011.091202 1.286E-29 2.120E+00.03720.352 4578.88180.61-.006727          0 1 1          0 2 0  7  6  1        7  6  2      4442334432297122 8    81.0   75.0
 11 2011.324633 5.117E-29 1.295E-03.05920.315 2841.43040.55-.008272          0 0 1          0 1 0 10  1 10        9  3  7      444233443230712210    81.0   75.0
 11 2011.445399 5.265E-29 1.255E-01.03430.281 4038.40280.47-.007516          1 0 0          0 1 0 12  6  7       11  7  4      4442334432297122 9    81.0   75.0
 11 2011.448957 1.444E-29 1.220E+01.01520.208 5089.33450.35-.001992          0 2 0          0 1 0 17  4 14       16  3 13      344233443229712211    81.0   75.0
 11 2011.723850 2.788E-28 1.103E-04.05030.281 1985.78420.47-.009109          0 1 0          0 0 0 10  8  2       11  5  7      574223443331712211    81.0   75.0
 11 2011.950582 2.289E-25 4.566E+00.06690.354 2771.69000.90-.006239          0 2 0          0 1 0  9  5  5        8  4  4      466526445910162524    19.0   17.0
 11 2012.028273 1.300E-29 3.596E-01.08020.371 4408.02880.63-.000862          0 1 1          0 0 1  6  6  0        6  3  3      4442334432287122 8    81.0   75.0
 11 2012.103125 2.300E-26 1.126E+01.01000.119 3567.25240.34-.002639          0 1 0          0 0 0 18  2 16       17  3 15      354426445984672224    37.0   35.0
 11 2012.153850 1.440E-24 6.175E-01.09160.455 2053.96860.85-.005329          0 0 1          0 1 0  4  2  2        5  2  3      587821305910162545    27.0   33.0
 11 2012.310180 5.240E-26 4.584E-02.08960.441 1922.90040.69-.001239          1 0 0          0 1 0  3  3  1        4  2  2      474426443384672224    81.0   75.0
 11 2012.316266 6.670E-26 1.089E+01.00910.135 3567.17160.56-.002499          0 1 0          0 0 0 18  3 16       17  2 15      465526445910162524   111.0  105.0
 11 2012.424766 1.961E-29 6.772E-02.08510.391 3719.49100.67-.008354          0 1 1          0 2 0  5  1  4        5  3  3      4442334432257122 7    81.0   75.0
 11 2012.508709 5.675E-28 5.429E-01.04010.281 3833.14390.47-.014470          0 0 1          0 1 0 11  6  6       11  6  5      4742234433297122 9    81.0   75.0
 11 2012.662705 6.688E-28 1.327E+00.04680.333 3895.25270.57-.009119          0 1 1          0 2 0  7  1  7        8  1  8      4742234433257122 7    81.0   75.0
 11 2012.837493 2.234E-28 1.327E+00.04820.333 3894.79860.57-.009174          0 1 1          0 2 0  7  0  7        8  0  8      4442334432257122 7    81.0   75.0
 11 2012.898491 3.374E-29 2.791E+00.03220.371 4407.15770.63-.008715          0 1 1          0 2 0  6  6  1        6  6  0      4442334432297122 9    81.0   75.0
 11 2012.920463 1.738E-29 1.245E-01.03660.281 4038.35080.47-.004093          1 0 0          0 1 0 12  6  6       11  7  5      4442334432297122 9    81.0   75.0
 11 2013.010753 8.884E-29 2.448E+00.04010.371 4407.04640.63-.006623          0 1 1          0 2 0  6  6  0        6  6  1      4442334432257122 7    81.0   75.0
 11 2013.040293 4.522E-27 2.697E+00.04300.289 3822.24350.35-.010879          0 1 0          0 0 0 17  5 12       16  6 11      474426443384672224    81.0   75.0
 11 2013.468579 1.451E-29 8.598E-02.06510.352 3894.16750.61-.005956          0 1 1          0 2 0  7  0  7        7  2  6      4442334432257122 7    81.0   75.0
 11 2013.492030 1.002E-27 1.252E+00.06920.371 3736.17070.63-.002777          0 1 1          0 2 0  5  2  4        6  2  5      4742234433257122 7    81.0   75.0
 11 2013.516761 1.929E-29 9.496E-03.05010.281 3487.39820.47-.005708          0 0 1          0 1 0 12  2 11       11  4  8      444233443231712210    81.0   75.0
 11 2013.610065 3.549E-29 3.046E+00.05090.352 4695.83640.61-.008529          1 1 0          1 0 0  8  6  3        7  5  2      4442334432287122 7    81.0   75.0
 11 2013.625870 1.174E-29 3.023E+00.04930.352 4695.83640.61-.008675          1 1 0          1 0 0  8  6  2        7  5  3      4442334432287122 7    81.0   75.0
 11 2013.696011 1.304E-27 1.574E-01.06720.298 3162.25830.51-.004484          0 0 1          0 1 0 10  3  8       10  3  7      4742234433297122 8    81.0   75.0
 11 2013.905176 4.013E-25 6.895E+00.02450.276 3080.17770.500.004720          0 1 0          0 0 0 16  4 13       15  3 12      486321445910662545    99.0   93.0
 11 2013.974379 2.904E-28 2.528E-02.04410.315 3321.01330.55-.005386          1 0 0          0 1 0 10  5  6        9  6  3      4742234433287122 8    81.0   75.0
 11 2014.234012 1.953E-26 5.466E-02.06030.362 2318.53990.61-.005099          0 0 1          0 1 0  7  0  7        7  2  6      474426443384672224    81.0   75.0
 11 2014.266331 3.159E-29 4.159E-02.08050.412 3746.76270.69-.005199          1 1 0          0 2 0  5  3  2        4  4  1      4442634432287122 8    81.0   75.0
 11 2014.433210 1.918E-24 2.155E-03.07310.337  709.60820.610.002880          0 1 0          0 0 0  7  5  3        7  2  6      587321305910662545    15.0   15.0
 11 2014.651990 3.078E-25 7.076E-02.09030.429 2000.86290.670.006660          0 2 0          0 1 0  6  4  3        5  1  4      576626305910162224    39.0   33.0
 11 2014.728140 4.280E-25 7.089E-01.07500.391 2181.08980.61-.006609          0 0 1          0 1 0  6  1  6        7  1  7      576626305910162224    13.0   15.0
 11 2014.780631 6.826E-29 4.047E+00.07380.315 4436.93990.550.008452          0 3 0          0 2 0 10  4  6        9  3  7      3442334432287122 8    81.0   75.0
 11 2014.800660 4.033E-28 4.346E-01.09550.456 3317.21030.72-.003914          1 1 0          0 2 0  2  1  1        2  2  0      4742234433257122 7    81.0   75.0
 11 2014.834320 1.289E-24 7.102E-01.05910.398 2180.64280.25-.009659          0 0 1          0 1 0  6  0  6        7  0  7      587821305910162545    39.0   45.0
 11 2014.980744 4.864E-28 6.943E-01.09480.412 3495.93900.69-.008549          1 1 0          0 2 0  4  1  3        4  2  2      4742234433257122 7    81.0   75.0
 11 2014.995485 3.977E-28 4.296E-01.09440.412 3438.57480.690.001260          1 1 0          0 2 0  4  0  4        4  1  3      4742234433287122 7    81.0   75.0
 11 2015.454423 1.891E-28 5.419E-01.03820.281 3832.25150.47-.011147          0 0 1          0 1 0 11  6  5       11  6  6      4442334432297122 9    81.0   75.0
 11 2015.604512 1.311E-28 4.742E-01.03710.265 4123.28420.44-.008476          0 0 1          0 1 0 12  6  6       12  6  7      4442334432297122 9    81.0   75.0
 11 2015.813507 7.362E-28 6.306E-01.03970.298 3565.00410.51-.011718          0 0 1          0 1 0 10  6  5       10  6  4      4742234433297122 8    81.0   75.0
 11 2016.277859 3.555E-25 7.011E-02.09710.494 1772.41340.71-.001999          1 0 0          0 1 0  2  2  1        3  1  2      564626445984162224    15.0   21.0
 11 2016.695704 1.567E-29 8.649E-06.07870.352 2180.64280.61-.001024          0 2 0          0 1 0  6  5  2        7  0  7      544233443228712210    81.0   75.0
 11 2016.797705 1.652E-27 6.131E-01.09270.434 3392.74930.71-.007067          1 1 0          0 2 0  3  1  2        3  2  1      4742234433257122 7    81.0   75.0
 11 2016.797960 1.243E-21 3.342E+00.04850.263  888.63260.37-.011439          0 1 0          0 0 0  7  6  2        6  5  1      686520595967662423    15.0   13.0
 11 2016.819444 2.206E-27 6.296E-01.03910.298 3564.70500.51-.013644          0 0 1          0 1 0 10  6  4       10  6  5      4742234433297122 8    81.0   75.0
 11 2016.834730 3.726E-21 3.339E+00.04840.263  888.59860.36-.009739          0 1 0          0 0 0  7  6  1        6  5  2      686621595967662423    45.0   39.0
 11 2017.025655 2.018E-29 3.587E-04.04610.352 2724.04130.61-.007039          0 0 1          0 1 0  8  3  6        7  5  3      444233443230712210    81.0   75.0
 11 2017.934593 1.095E-29 7.680E-04.05080.235 3101.43970.40-.015492          0 1 0          0 0 0 13  9  5       14  6  8      344233443231712211    81.0   75.0
 11 2017.983258 1.548E-27 7.577E+00.03220.177 4050.51220.67-.001949          0 3 0          0 2 0  6  6  1        5  5  0      474426443384672224    81.0   75.0
 11 2017.990906 5.197E-28 7.631E+00.03220.177 4050.50360.67-.001939          0 3 0          0 2 0  6  6  0        5  5  1      374426443384672224    81.0   75.0
 11 2018.337450 1.151E-21 2.545E+00.06000.336 1122.70830.44-.003979          0 1 0          0 0 0  9  5  4        8  4  5      686421595967662423    57.0   51.0
 11 2018.375643 5.222E-28 1.346E+01.00760.161 4412.31470.310.000000          0 1 0          0 0 0 21  2 20       20  1 19      3742234433327122 0    81.0   75.0
 11 2018.477655 1.638E-27 1.408E+01.00760.161 4412.31210.310.000000          0 1 0          0 0 0 21  1 20       20  2 19      4742234433327122 0    81.0   75.0
 11 2018.627772 7.735E-27 7.477E-01.04260.278 3321.01330.55-.005079          0 0 1          0 1 0  9  6  4        9  6  3      474426443384672224    81.0   75.0
 11 2018.833523 3.753E-28 1.264E+00.08100.371 3713.08230.63-.003630          0 1 1          0 2 0  5  1  4        6  1  5      4742234433257122 7    81.0   75.0
 11 2018.913611 2.577E-27 7.472E-01.04310.280 3320.92960.55-.004389          0 0 1          0 1 0  9  6  3        9  6  4      474426443384672224    81.0   75.0
 11 2018.958640 2.457E-24 3.470E-01.10310.516 1772.41341.00-.007419          1 0 0          0 1 0  3  0  3        3  1  2      567521305910162545    21.0   21.0
 11 2019.044780 8.132E-26 7.004E-02.07920.432 2271.71200.63-.009729          0 0 1          0 1 0  6  1  5        6  3  4      574426303384672224    81.0   75.0
 11 2019.070180 5.984E-22 4.181E-01.08220.414  885.60020.640.006300          0 1 0          0 0 0  9  3  6        8  2  7      686421595967662423    57.0   51.0
 11 2019.410750 1.102E-26 9.006E-03.09270.450 1907.45020.71-.009369          0 0 1          0 1 0  3  1  2        3  3  1      574426303384672224    81.0   75.0
 11 2019.589060 3.020E-26 8.846E-02.06990.359 2552.85720.63-.002919          1 0 0          0 1 0  7  4  3        6  5  2      534426303384672224    45.0   39.0
 11 2019.731534 7.860E-26 4.720E-02.05620.338 2105.86660.440.012920          0 1 0          0 0 0 12  6  6       12  3  9      564426445984672224    25.0   25.0
 11 2019.921030 5.384E-25 2.825E-02.06260.373 1813.22260.470.007860          0 1 0          0 0 0 11  6  5       11  3  8      574626305984162224    69.0   69.0
 11 2019.964596 7.220E-25 4.677E+00.05450.337 2764.69730.57-.007889          0 2 0          0 1 0  9  5  4        8  4  5      567621445910162245    57.0   51.0
 11 2020.482257 2.171E-27 8.890E-01.10100.456 3237.91730.72-.007364          1 1 0          0 2 0  1  0  1        2  1  2      3742234433257122 7    81.0   75.0
 11 2020.534760 3.807E-24 1.497E-03.07210.339  744.16270.820.005190          0 1 0          0 0 0  8  4  5        8  1  8      585320305967662423    51.0   51.0
 11 2020.567214 2.192E-29 2.931E+00.02560.371 4759.85350.63-.004235          0 1 1          0 0 1  7  7  1        6  6  0      4442334432297122 9    81.0   75.0
 11 2020.668640 1.386E-26 2.125E-02.07670.376 2129.61850.69-.003939          1 0 0          0 1 0  5  3  3        4  4  0      574426303384672224    81.0   75.0
 11 2020.791648 2.194E-29 5.670E-01.00750.161 4412.31490.310.000000          0 0 0          0 0 0 21  8 14       20  1 19      3442334432327122 0    81.0   75.0
 11 2021.193626 5.338E-27 8.927E-03.08680.453 2211.19050.63-.004519          1 0 0          0 1 0  7  1  7        6  2  4      474426443384672224    81.0   75.0
 11 2021.205483 8.144E-27 9.088E-01.04140.259 3101.14200.57-.005109          0 0 1          0 1 0  8  6  3        8  6  2      474426443384672224    81.0   75.0
 11 2021.269319 2.443E-26 9.087E-01.04150.260 3101.12340.57-.004889          0 0 1          0 1 0  8  6  2        8  6  3      474426443384672224    81.0   75.0
 11 2021.676435 3.239E-27 3.755E-02.07870.315 2904.67010.55-.009876          1 0 0          0 1 0 10  2  9        9  3  6      4742234433287122 8    81.0   75.0
 11 2022.044216 6.328E-27 1.269E-05.06190.271 1079.07920.550.005460          0 1 0          0 0 0  8  6  3        9  1  8      574426443384672224    81.0   75.0
 11 2022.086120 7.272E-25 1.109E+00.11020.488 1634.96710.73-.006309          1 0 0          0 1 0  0  0  0        1  1  1      587726305910162224     1.0    3.0
 11 2022.540931 1.143E-27 3.005E-06.07280.333  882.89030.570.002174          0 1 0          0 0 0  7  6  2        8  1  7      574223443328712210    81.0   75.0
 11 2022.942440 9.550E-26 2.446E+00.06410.378 2841.43030.550.011410          0 2 0          0 1 0 10  4  6        9  3  7      454426445984672224    21.0   19.0
 11 2022.988320 7.475E-26 2.551E-02.09040.451 2004.81540.69-.010369          0 0 1          0 1 0  4  1  3        4  3  2      574426303384672224    81.0   75.0
 11 2023.030090 3.925E-22 2.502E+00.07800.368 1360.23500.63-.005749          0 1 0          0 0 0 10  5  6        9  4  5      687520595967662423    63.0   57.0
 11 2023.182080 6.800E-26 6.132E-02.06710.391 2309.73010.61-.001659          0 0 1          0 1 0  7  1  7        7  1  6      564426305984672224    45.0   45.0
 11 2023.491580 3.188E-26 4.826E-02.08620.449 2126.40760.67-.009749          0 0 1          0 1 0  5  1  4        5  3  3      574426303384672224    81.0   75.0
 11 2023.628597 7.110E-26 1.161E+00.04050.235 2905.43300.61-.005439          0 0 1          0 1 0  7  6  2        7  6  1      464426445984672224    45.0   45.0
 11 2023.636207 2.326E-26 1.139E+00.04050.236 2905.43130.61-.005379          0 0 1          0 1 0  7  6  1        7  6  2      474426443384672224    81.0   75.0
 11 2023.638875 4.170E-29 2.166E+00.07000.333 4387.35690.570.009286          0 3 0          1 0 0  9  5  5        8  0  8      3442334432287122 8    81.0   75.0
 11 2023.803438 1.381E-29 1.062E-01.02180.298 4240.94140.51-.015602          1 0 0          0 1 0 10 10  1       10  9  2      4442334432297122 9    81.0   75.0
 11 2024.338890 3.122E-26 1.601E-02.08010.393 2129.59910.69-.004789          1 0 0          0 1 0  5  3  2        4  4  1      574426303384672224    81.0   75.0
 11 2024.389150 2.820E-25 3.738E-01.08090.418 2005.91670.69-.004569          0 0 1          0 1 0  3  3  0        4  3  1      574626305984162224     7.0    9.0
 11 2024.679846 6.944E-29 3.593E+00.05420.319 4386.31590.57-.008709          0 3 0          0 2 0  9  5  5        8  4  4      344436443284672224    81.0   75.0
 11 2024.858272 3.352E-29 4.236E-02.08120.371 3736.17070.630.001254          1 1 0          0 2 0  5  3  2        6  2  5      4442534432257122 7    81.0   75.0
 11 2024.944178 3.343E-27 2.145E-05.05960.296 1114.53130.510.005100          0 1 0          0 0 0  9  5  5       10  0 10      474426443384672224    81.0   75.0
 11 2024.955490 1.197E-29 1.664E-02.04550.265 3940.51830.44-.005424          0 0 1          0 1 0 13  3 11       12  5  8      444233443231712210    81.0   75.0
 11 2025.254457 8.544E-25 3.758E-01.08220.407 2004.81540.83-.003599          0 0 1          0 1 0  3  3  1        4  3  2      487721445910162545    21.0   27.0
 11 2025.422062 7.050E-29 3.480E-01.06340.265 3959.25220.44-.015453          0 0 1          0 1 0 12  5  8       12  5  7      4442334432297122 9    81.0   75.0
 11 2025.641215 1.308E-29 2.045E-02.05600.265 3738.54220.440.000739          0 0 1          0 1 0 13  1 12       12  3  9      444233443231712211    81.0   75.0
 11 2025.687474 2.213E-29 1.977E-02.08890.412 3438.57470.690.006151          0 3 0          0 2 0  5  4  2        4  1  3      4442334432257122 7    81.0   75.0
 11 2025.889680 6.033E-26 1.484E+00.03560.209 2733.96270.63-.005539          0 0 1          0 1 0  6  6  1        6  6  0      574426303384672224    81.0   75.0
 11 2025.890740 1.748E-25 1.434E+00.04920.202 2733.96270.63-.005529          0 0 1          0 1 0  6  6  0        6  6  1      466526445910162224    39.0   39.0
 11 2025.899510 5.308E-25 5.988E-01.08070.476 2024.15230.85-.003699          0 0 1          0 1 0  4  2  3        5  2  4      576626305910162524     9.0   11.0
 11 2025.937181 4.163E-26 1.769E-01.02500.148 2471.25500.51-.008399          0 1 0          0 0 0 10 10  0       10  9  1      374426443384672224    81.0   75.0
 11 2025.937563 1.146E-25 1.623E-01.02500.126 2471.25460.51-.008399          0 1 0          0 0 0 10 10  1       10  9  2      364526445984162224    63.0   63.0
 11 2026.002620 6.313E-25 5.584E+00.04450.249 2552.87970.64-.008049          0 2 0          0 1 0  7  6  2        6  5  1      577621305910162545    15.0   13.0
 11 2026.103883 1.231E-27 1.119E+00.08520.391 3626.92230.67-.000770          0 1 1          0 2 0  4  2  2        5  2  3      4742234433257122 7    81.0   75.0
 11 2026.120670 1.888E-24 5.566E+00.04420.243 2552.85720.65-.007939          0 2 0          0 1 0  7  6  1        6  5  2      586520305967662423    45.0   39.0
 11 2026.258666 1.852E-27 5.873E-01.09590.434 3289.24180.71-.000007          1 1 0          0 2 0  2  1  2        3  0  3      4742234433257122 7    81.0   75.0
 11 2026.351241 3.783E-28 3.493E-04.08070.391 2024.15230.670.000475          0 2 0          0 1 0  5  5  1        5  2  4      5742234433287122 8    81.0   75.0
 11 2026.602170 1.999E-22 1.011E-01.08200.413  542.90580.650.003810          0 1 0          0 0 0  7  4  4        6  1  5      688421595967662423    15.0   13.0
 11 2026.854080 2.898E-25 1.321E-02.06780.363 1538.14880.510.003670          0 1 0          0 0 0 10  6  4       10  3  7      574626305984162224    21.0   21.0
 11 2026.940980 2.080E-24 6.992E-01.09320.486 2000.86290.67-.004039          0 0 1          0 1 0  4  1  3        5  1  4      584820305984162223    27.0   33.0
 11 2027.024100 7.209E-23 3.533E-03.09020.432  224.83840.700.004310          0 1 0          0 0 0  5  4  1        4  1  4      686521595967662423    33.0   27.0
 11 2027.094519 7.770E-26 7.306E+00.01870.167 3439.30530.35-.005029          0 1 0          0 0 0 17  3 14       16  4 13      454426445984162224   105.0   99.0
 11 2027.328400 1.833E-25 5.046E-02.08670.441 1908.01630.69-.000529          1 0 0          0 1 0  3  3  0        4  2  3      564626305984162224    21.0   27.0
 11 2027.529111 1.130E-27 2.587E-01.07180.281 3535.86980.47-.013702          0 0 1          0 1 0 11  4  8       11  4  7      4742234433297122 8    81.0   75.0
 11 2027.711276 3.086E-28 3.854E-05.06720.298 1724.70470.51-.010469          0 1 0          0 0 0  9  8  2       10  5  5      574223443329712211    81.0   75.0
 11 2027.912321 2.446E-27 3.747E-05.05630.264 1293.01730.510.006280          0 1 0          0 0 0  9  6  4       10  1  9      474426443384672224    81.0   75.0
 11 2027.989770 7.310E-26 6.129E-02.05010.314 2414.72200.410.016740          0 1 0          0 0 0 13  6  7       13  3 10      554426305984672224    81.0   81.0
 11 2028.307572 2.379E-25 4.386E+00.06590.370 2998.76600.55-.006729          0 2 0          0 1 0 10  5  6        9  4  5      464526445984162224    63.0   57.0
 11 2028.328940 4.660E-25 2.758E-01.10440.505 1664.96460.72-.000269          1 0 0          0 1 0  1  1  1        2  0  2      566526305910162224     3.0    5.0
 11 2028.579408 4.861E-29 9.068E-02.07070.352 3879.33590.61-.002268          0 1 1          0 2 0  7  1  7        7  1  6      4442334432257122 7    81.0   75.0
 11 2028.811990 6.740E-26 3.234E-01.02520.172 2740.37840.47-.010479          0 1 0          0 0 0 11 10  1       11  9  2      564526305984162224    69.0   69.0
 11 2028.812010 2.192E-26 3.154E-01.02520.162 2740.37830.47-.010479          0 1 0          0 0 0 11 10  2       11  9  3      574426303384672224    81.0   75.0
 11 2028.814834 4.584E-29 9.385E-02.07320.391 3868.98680.67-.007619          1 1 0          0 2 0  6  3  4        5  4  1      4442634432257122 7    81.0   75.0
 11 2029.370373 1.674E-28 2.324E-03.05630.333 2919.63230.57-.006568          0 0 1          0 1 0  9  3  7        8  5  4      444233443230712210    81.0   75.0
 11 2029.748620 9.061E-28 3.872E-07.08170.352  704.21400.610.003753          0 1 0          0 0 0  6  6  1        7  1  6      564223443328712210    81.0   75.0
 11 2030.124030 1.202E-26 1.160E-01.07090.396 2595.81270.57-.003209          0 0 1          0 1 0  8  2  7        8  2  6      574426303384672224    81.0   75.0
 11 2030.140480 3.428E-28 5.813E+00.04680.280 4381.73520.57-.002249          0 3 0          0 2 0  9  5  4        8  4  5      474426443384672224    81.0   75.0
 11 2030.341180 1.078E-26 1.043E+01.00490.183 3940.58450.33-.005292          0 1 0          0 0 0 19  2 17       18  3 16      4742234433297122 9    81.0   75.0
 11 2030.458760 3.593E-27 1.043E+01.00490.183 3940.54260.33-.005292          0 1 0          0 0 0 19  3 17       18  2 16      3742234433297122 9    81.0   75.0
 11 2030.478088 2.790E-28 7.403E-02.05010.315 3320.92960.55-.001527          1 0 0          0 1 0 10  5  5        9  6  4      4742234433297122 8    81.0   75.0
 11 2030.799486 1.365E-28 6.902E-03.03320.298 3224.54610.51-.012111          0 0 1          0 1 0 11  2 10       10  4  7      444233443230712210    81.0   75.0
 11 2031.255622 1.073E-27 3.656E-03.06120.333 2630.19240.57-.004753          0 0 1          0 1 0  9  1  9        8  3  6      474223443330712210    81.0   75.0
 11 2031.416291 2.361E-28 7.259E-01.07910.412 3598.72660.69-.001780          0 1 1          0 2 0  3  3  0        4  3  1      4442334432257122 7    81.0   75.0
 11 2031.450547 7.794E-27 4.283E-01.02390.181 3032.69000.44-.005459          0 1 0          0 0 0 12 10  2       12  9  3      374426443384672224    81.0   75.0
 11 2031.450902 2.680E-26 4.910E-01.02390.181 3032.68970.44-.005449          0 1 0          0 0 0 12 10  3       12  9  4      454426445984672224    75.0   75.0
 11 2031.907591 2.750E-26 7.718E+00.01960.171 3437.27510.35-.000129          0 1 0          0 0 0 17  4 14       16  3 13      354426445984672224    35.0   33.0
 11 2032.077017 7.130E-28 7.281E-01.07750.412 3597.86610.69-.003233          0 1 1          0 2 0  3  3  1        4  3  2      4742234433257122 7    81.0   75.0
 11 2032.198082 4.274E-28 1.404E+00.05690.352 3739.51870.61-.006949          0 1 1          0 2 0  6  1  6        7  1  7      4742234433257122 7    81.0   75.0
 11 2032.226930 4.126E-28 2.483E-03.06040.339 2724.16700.61-.005079          1 0 0          0 1 0  8  4  5        7  5  2      534426303384672224    81.0   75.0
 11 2032.292040 1.131E-24 4.636E-01.10700.442 1693.64990.890.003020          1 0 0          0 1 0  2  0  2        2  1  1      567520305910662545     5.0    5.0
 11 2032.465229 1.283E-27 1.399E+00.05840.352 3738.60880.61-.008073          0 1 1          0 2 0  6  0  6        7  0  7      4742234433257122 7    81.0   75.0
 11 2033.697194 1.050E-27 4.270E-05.06000.298 1718.71850.51-.005033          0 1 0          0 0 0  9  8  1       10  5  6      574223443328712210    81.0   75.0
 11 2033.768241 6.659E-27 5.237E-01.02420.192 3347.78200.41-.005589          0 1 0          0 0 0 13 10  3       13  9  4      374426443384672224    81.0   75.0
 11 2033.771118 2.220E-27 5.237E-01.02420.192 3347.78030.41-.005589          0 1 0          0 0 0 13 10  4       13  9  5      374426443384672224    81.0   75.0
 11 2033.803323 4.831E-27 4.306E-02.06050.371 2552.87970.63-.003844          0 0 1          0 1 0  7  3  4        6  5  1      444223443330712210    81.0   75.0
 11 2034.020656 1.186E-29 1.317E-02.05080.281 3650.50830.47-.013701          0 0 1          0 1 0 12  3 10       11  5  7      444233443231712211    81.0   75.0
 11 2034.032710 3.201E-24 2.537E-03.06460.301  885.60020.740.000360          0 1 0          0 0 0  8  5  4        8  2  7      5845203059676624 6    51.0   51.0
 11 2034.056100 3.972E-23 2.436E+00.07880.375 1616.45240.71-.008239          0 1 0          0 0 0 11  5  7       10  4  6      686621595967662423    23.0   21.0
 11 2034.142510 2.200E-24 7.469E-01.07890.423 2042.75330.69-.005069          0 0 1          0 1 0  5  1  5        6  1  6      573620305967162423    33.0   39.0
 11 2034.191190 1.290E-25 6.594E-02.07130.419 2161.28590.63-.006279          0 0 1          0 1 0  6  0  6        6  2  5      574426303384162224    39.0   39.0
 11 2034.248764 5.898E-28 5.238E-02.04670.315 3321.01330.55-.006186          0 0 1          0 1 0 10  4  6        9  6  3      474223443330712210    81.0   75.0
 11 2034.350835 4.885E-28 3.770E-03.02660.315 2818.39770.55-.012459          0 0 1          0 1 0 10  0 10        9  2  7      4742234433287122 8    81.0   75.0
 11 2034.362790 7.219E-25 7.320E-01.07600.425 2041.78050.81-.005159          0 0 1          0 1 0  5  0  5        6  0  6      577620305910162545    11.0   13.0
 11 2034.538371 4.111E-29 9.012E-04.03580.235 3084.83470.40-.009492          0 1 0          0 0 0 13  9  4       14  6  9      344233443231712211    81.0   75.0
 11 2034.875960 3.907E-28 9.365E-01.08080.391 3598.51570.67-.002639          0 1 1          0 2 0  4  2  3        5  2  4      4642234433257122 7    81.0   75.0
 11 2034.903411 9.022E-29 9.744E-02.07450.371 3736.17070.63-.007924          0 1 1          0 2 0  6  0  6        6  2  5      4442334432257122 7    81.0   75.0
 11 2035.065612 2.090E-27 5.954E-01.09680.434 3334.62650.71-.005126          1 1 0          0 2 0  3  0  3        3  1  2      4742234433257122 7    81.0   75.0
 11 2035.316393 2.348E-28 1.427E+01.00760.150 4820.63770.300.000000          0 1 0          0 0 0 22  2 21       21  1 20      4442334432327122 0    81.0   75.0
 11 2035.348902 7.804E-29 1.423E+01.00760.150 4820.64060.300.000000          0 1 0          0 0 0 22  1 21       21  2 20      3442334432327122 0    81.0   75.0
 11 2035.678352 5.343E-28 6.068E-01.02140.235 3685.41800.40-.005592          0 1 0          0 0 0 14 10  4       14  9  5      374223443331712211    81.0   75.0
 11 2035.690191 1.603E-27 6.068E-01.02230.235 3685.40660.40-.005292          0 1 0          0 0 0 14 10  5       14  9  6      374223443331712211    81.0   75.0
 11 2035.874580 1.332E-26 6.909E-03.08290.395 2129.59910.69-.006609          0 0 1          0 1 0  5  2  4        4  4  1      564426303384672224    81.0   75.0
 11 2036.006740 1.763E-26 1.540E-02.10570.457 1743.48630.72-.010629          0 0 1          0 1 0  1  0  1        2  2  0      574426303384672224    81.0   75.0
 11 2036.052607 1.946E-27 9.965E-04.07060.321 2161.28590.630.004120          0 2 0          0 1 0  6  5  2        6  2  5      574426443384672224    81.0   75.0
 11 2036.058948 1.639E-29 1.525E-01.03620.265 4329.31880.44-.002922          1 0 0          0 1 0 13  6  7       12  7  6      4442334432297122 9    81.0   75.0
 11 2036.478806 5.178E-29 5.721E-03.05110.315 3139.47560.55-.008023          0 0 1          0 1 0 10  3  8        9  5  5      444233443230712210    81.0   75.0
 11 2036.526407 7.198E-29 5.746E-02.04270.298 3565.00420.51-.009018          1 0 0          0 1 0 11  5  7       10  6  4      4442334432297122 8    81.0   75.0
 11 2036.739316 6.325E-28 9.021E-05.03170.250 1806.67010.41-.002868          0 1 0          0 0 0 12  4  8       13  1 13      474223443331712210    81.0   75.0
 11 2036.873524 1.309E-29 2.636E+00.05170.333 4889.45700.57-.006020          1 1 0          1 0 0  9  6  3        8  5  4      4442334432257122 7    81.0   75.0
 11 2037.089580 3.343E-28 6.818E-01.02020.221 4045.32060.37-.005292          0 1 0          0 0 0 15 10  5       15  9  6      374223443331712211    81.0   75.0
 11 2037.125625 1.070E-28 6.546E-01.02010.221 4045.28390.37-.005292          0 1 0          0 0 0 15 10  6       15  9  7      344233443231712211    81.0   75.0
 11 2037.506750 1.106E-22 1.066E+00.07680.383 1216.23110.650.011260          0 1 0          0 0 0 10  4  6        9  3  7      687321595967662423    21.0   19.0
 11 2037.660796 1.118E-29 2.054E-02.10260.456 3317.21020.72-.012725          0 1 1          0 2 0  1  0  1        2  2  0      4442334432287122 8    81.0   75.0
 11 2037.903088 1.962E-29 7.224E-01.01650.208 4427.22510.35-.004092          0 1 0          0 0 0 16 10  6       16  9  7      344233443231712211    81.0   75.0
 11 2038.001806 8.673E-29 9.553E-03.04870.298 3383.26510.51-.008537          0 0 1          0 1 0 11  3  9       10  5  6      444233443230712210    81.0   75.0
 11 2038.005108 5.884E-29 7.218E-01.01650.208 4427.11910.35-.004092          0 1 0          0 0 0 16 10  7       16  9  8      444233443231712211    81.0   75.0
 11 2038.094200 1.057E-24 5.191E-03.07670.359 1282.91880.78-.000139          0 1 0          0 0 0  9  6  3        9  3  6      587521305910662545    57.0   57.0
 11 2038.291156 1.197E-29 3.280E+00.02560.371 4677.87600.63-.004235          1 1 0          1 0 0  7  7  1        6  6  0      4442334432297122 9    81.0   75.0
 11 2038.291569 3.590E-29 3.279E+00.03050.371 4677.87600.63-.001570          1 1 0          1 0 0  7  7  0        6  6  1      4442334432257122 7    81.0   75.0
 11 2038.585463 9.651E-28 4.081E-01.06050.281 3659.90320.47-.011627          0 0 1          0 1 0 11  5  7       11  5  6      4742234433297122 8    81.0   75.0
 11 2038.762760 7.310E-26 2.740E-02.05980.344 2246.88390.410.012820          0 1 0          0 0 0 13  5  8       13  2 11      544426305984672224    81.0   81.0
 11 2038.882269 5.944E-28 1.820E+00.10260.480 3196.09330.73-.006556          1 1 0          0 2 0  0  0  0        1  1  1      3742234433257122 7    81.0   75.0
 11 2039.786492 2.884E-29 2.159E+00.02430.183 4833.20610.330.003708          0 1 0          0 0 0 19  6 13       18  7 12      344233443231712211    81.0   75.0
 11 2039.857706 5.952E-27 8.587E-05.05200.260 1524.84730.470.005800          0 1 0          0 0 0 10  6  5       11  1 10      474426443384672224    81.0   75.0
 11 2039.947890 3.168E-24 5.614E-01.10540.468 1640.50570.85-.006219          1 0 0          0 1 0  1  0  1        1  1  0      585520305967662423     9.0    9.0
 11 2040.016710 6.999E-25 6.292E-01.09380.449 1922.90040.69-.002269          0 0 1          0 1 0  3  2  1        4  2  2      574626305984162224     7.0    9.0
 11 2040.052627 2.273E-26 4.010E+00.06670.380 3253.73730.51-.006769          0 2 0          0 1 0 11  5  7       10  4  6      474426443384672224    81.0   75.0
 11 2040.305720 1.110E-25 1.380E-01.07420.412 2146.26360.630.006360          0 2 0          0 1 0  7  4  4        6  1  5      554526305984162224    15.0   13.0
 11 2041.009830 1.870E-26 4.718E+00.02950.229 3639.53690.35-.012409          0 1 0          0 0 0 17  4 13       16  5 12      374426443384672224    81.0   75.0
 11 2041.024984 8.175E-29 4.083E-02.08720.434 3500.63870.71-.006826          1 1 0          0 2 0  4  2  3        3  3  0      4442634432287122 8    81.0   75.0
 11 2041.047410 5.910E-26 4.724E-02.07340.391 2251.86230.67-.006709          1 0 0          0 1 0  6  3  4        5  4  1      554426305984672224    39.0   33.0
 11 2041.091890 4.399E-29 1.179E+00.06900.315 4268.23970.550.003176          0 3 0          0 2 0 10  3  7        9  2  8      3442334432287122 7    81.0   75.0
 11 2041.214920 1.559E-28 3.760E-01.08300.391 3598.51560.670.000792          1 1 0          0 2 0  4  3  1        5  2  4      4442534432257122 7    81.0   75.0
 11 2041.288360 1.571E-21 2.925E+00.05200.289 1059.83530.50-.009909          0 1 0          0 0 0  8  6  3        7  5  2      686621595967662423    51.0   45.0
 11 2041.447121 1.616E-29 1.004E-01.08160.391 3868.87280.67-.003909          1 1 0          0 2 0  6  3  3        5  4  2      4442534432287122 8    81.0   75.0
 11 2041.495540 5.228E-22 2.918E+00.05330.277 1059.64660.41-.009229          0 1 0          0 0 0  8  6  2        7  5  3      686521595967662423    17.0   15.0
 11 2041.511320 3.339E-23 2.498E+00.07170.399 1899.00750.50-.011259          0 1 0          0 0 0 12  5  8       11  4  7      688721595910162545    75.0   69.0
 11 2041.586666 1.073E-28 5.094E+00.05800.327 4611.79440.55-.009999          0 3 0          0 2 0 10  5  6        9  4  5      444436443284672224    81.0   75.0
 11 2041.834560 4.034E-26 1.233E-02.09060.461 2053.96860.67-.004329          1 0 0          0 1 0  6  1  6        5  2  3      574426303384672224    81.0   75.0
 11 2041.919286 4.803E-29 4.989E-02.06030.250 3877.08810.410.012318          0 2 0          0 1 0 13  5  8       13  2 11      4442334432297122 8    81.0   75.0
 11 2042.830933 1.999E-27 1.371E+00.08580.391 3565.45450.67-.000513          0 1 1          0 2 0  4  1  3        5  1  4      4742234433257122 7    81.0   75.0
 11 2043.123893 2.395E-28 6.379E+00.03920.202 4197.36040.63-.003159          0 3 0          0 2 0  7  6  2        6  5  1      444436443284672224    81.0   75.0
 11 2043.148399 7.349E-28 6.524E+00.03920.201 4197.33850.63-.003039          0 3 0          0 2 0  7  6  1        6  5  2      474426443384672224    81.0   75.0
 11 2043.166990 1.534E-25 2.818E-02.09660.462 1821.59680.690.001150          1 0 0          0 1 0  3  2  1        4  1  4      564626305984162224    21.0   27.0
 11 2043.313222 9.548E-29 1.802E-01.08810.412 3495.93900.69-.000036          1 1 0          0 2 0  3  3  1        4  2  2      4442534432257122 7    81.0   75.0
 11 2043.405373 5.746E-29 5.527E-04.07650.315 2818.39770.550.004241          0 0 1          0 1 0  8  4  4        9  2  7      4442334432287122 8    81.0   75.0
 11 2043.618392 6.619E-27 1.416E+00.06840.386 3535.86980.47-.013189          1 0 0          0 1 0 12  3 10       11  4  7      444426443384672224    81.0   75.0
 11 2043.699310 1.177E-25 2.556E-02.08730.422 1907.61580.71-.006609          1 0 0          0 1 0  4  2  3        3  3  0      554426305984672224    27.0   21.0
 11 2043.730082 9.420E-26 6.609E-02.09340.468 1922.82900.670.000030          1 0 0          0 1 0  4  2  2        5  1  5      554426445984672224     9.0   11.0
 11 2043.943510 3.612E-25 1.566E-01.06010.350 2180.64280.610.003120          0 2 0          0 1 0  8  3  6        7  0  7      574426303384672224    81.0   75.0
 11 2043.949030 4.426E-22 8.267E-02.06980.361  586.24350.640.005790          0 1 0          0 0 0  8  3  6        7  0  7      687420595967662423    51.0   45.0
 11 2044.068669 2.408E-27 2.240E-03.06070.296 2337.66650.570.003860          0 2 0          0 1 0  8  4  5        8  1  8      574426443384672224    81.0   75.0
 11 2044.118155 2.868E-28 1.154E-01.09950.434 3334.62650.71-.001250          1 1 0          0 2 0  2  2  1        3  1  2      4742234433257122 7    81.0   75.0
 11 2044.235979 3.519E-28 1.834E-02.06260.315 2983.32280.55-.009842          0 0 1          0 1 0 10  2  9        9  4  6      434223443330712210    81.0   75.0
 11 2044.332560 1.675E-26 2.195E-01.07470.424 2904.67010.55-.008509          0 0 1          0 1 0  9  3  7        9  3  6      574426303384672224    81.0   75.0
 11 2044.868104 9.332E-28 2.244E-03.06810.391 2251.69530.67-.006709          0 0 1          0 1 0  6  2  5        5  4  2      454223443330712210    81.0   75.0
 11 2044.997070 5.400E-27 9.866E-02.07270.379 2724.04130.61-.003309          1 0 0          0 1 0  8  4  4        7  5  3      534426303384672224    17.0   15.0
 11 2045.310532 1.130E-28 5.377E-02.08560.391 3565.45460.670.007060          0 3 0          0 2 0  6  4  3        5  1  4      4442334432257122 7    81.0   75.0
 11 2045.570489 4.337E-27 5.009E-02.04720.321 2739.42770.400.017900          0 1 0          0 0 0 14  6  8       14  3 11      374426443384672224    81.0   75.0
 11 2046.314550 2.857E-27 3.610E-02.08020.333 2670.78950.57-.006134          1 0 0          0 1 0  9  2  8        8  3  5      4742234433287122 8    81.0   75.0
 11 2046.487327 7.503E-26 3.919E+00.04950.320 2983.32280.55-.000159          0 2 0          0 1 0 10  5  5        9  4  6      474426443384672224    81.0   75.0
 11 2046.515810 1.206E-22 2.149E+00.05750.311 1340.88450.370.001430          0 1 0          0 0 0 10  5  5        9  4  6      687421595967662423    21.0   19.0
 11 2046.795386 2.953E-24 2.739E+00.05920.426 2205.65180.60-.007709          0 1 0          0 0 0 13  5  9       12  4  8      483320445967662423    27.0   25.0
 11 2047.083331 1.284E-27 4.784E-01.05710.298 3387.40000.51-.013741          0 0 1          0 1 0 10  5  6       10  5  5      4742234433297122 9    81.0   75.0
 11 2047.319914 1.770E-28 2.869E-01.06210.352 3895.25270.57-.002229          0 3 0          0 2 0  9  2  7        8  1  8      444436443284672224    81.0   75.0
 11 2047.331127 1.414E-29 1.567E-01.07190.371 4016.05250.63-.010154          1 1 0          0 2 0  7  3  5        6  4  2      4442534432287122 8    81.0   75.0
 11 2047.387057 4.506E-29 2.897E-02.08950.391 3626.92240.67-.004940          1 1 0          0 2 0  6  1  6        5  2  3      4442534432287122 8    81.0   75.0
 11 2047.389986 4.140E-26 4.860E-03.08810.421 1821.59680.690.006740          0 2 0          0 1 0  5  4  1        4  1  4      544426445984672224    33.0   27.0
 11 2047.404436 9.599E-29 4.664E-04.04830.250 2756.41430.41-.014966          0 1 0          0 0 0 12  9  4       13  6  7      344233443231712211    81.0   75.0
 11 2047.568803 4.519E-27 7.532E+00.01570.154 3812.04480.34-.003939          0 1 0          0 0 0 18  3 15       17  4 14      374426443384672224    81.0   75.0
 11 2047.635950 2.428E-28 3.284E-03.07090.298 2705.09620.51-.000686          0 2 0          0 1 0 10  3  7       10  0 10      4442334432287122 8    81.0   75.0
 11 2047.726690 1.896E-25 1.125E-03.07130.348 1114.53130.510.000990          0 1 0          0 0 0 10  3  7       10  0 10      564626305984162224    21.0   21.0
 11 2048.190850 6.585E-28 3.034E-03.06790.352 2439.95440.61-.012186          0 0 1          0 1 0  8  1  8        7  3  5      4742234433287122 8    81.0   75.0
 11 2048.255040 5.681E-28 1.066E+01.01430.172 4331.08680.32-.002592          0 1 0          0 0 0 20  2 18       19  3 17      374223443331712211    81.0   75.0
 11 2048.321115 1.705E-27 1.066E+01.01230.172 4331.06300.32-.003392          0 1 0          0 0 0 20  3 18       19  2 17      474223443331712211    81.0   75.0
 11 2048.649470 2.199E-24 6.182E-01.08950.469 1908.01630.89-.003859          0 0 1          0 1 0  3  2  2        4  2  3      588821305910162545    21.0   27.0
 11 2048.660519 9.499E-28 7.835E-01.10180.456 3255.34590.72-.006779          1 1 0          0 2 0  2  0  2        2  1  1      4742234433257122 7    81.0   75.0
 11 2049.554310 5.140E-26 7.438E-02.07940.427 2146.26360.63-.002409          0 0 1          0 1 0  6  1  6        6  1  5      544426305984672224    13.0   13.0
 11 2050.006147 5.910E-28 1.713E-03.06600.352 2318.53990.610.004409          0 2 0          0 1 0  7  5  3        7  2  6      4742234433287122 8    81.0   75.0
 11 2050.300898 1.359E-26 7.529E+00.01630.152 3810.93400.34-.001239          0 1 0          0 0 0 18  4 15       17  3 14      474426443384672224    81.0   75.0
 11 2050.485710 5.190E-26 2.706E-02.10010.486 1739.48370.710.000950          1 0 0          0 1 0  2  2  0        3  1  3      554426305984672224     5.0    7.0
 11 2050.637707 8.000E-25 4.902E+00.04500.266 2724.16700.39-.009879          0 2 0          0 1 0  8  6  3        7  5  2      487721445910162545    51.0   45.0
 11 2050.984520 3.090E-25 1.662E-03.08630.351 1050.15760.570.000300          0 1 0          0 0 0  8  6  2        8  3  5      576726305910162224    17.0   17.0
 11 2050.989616 1.689E-27 3.299E-01.07560.298 3253.73730.51-.010998          0 0 1          0 1 0 10  4  7       10  4  6      4742234433297122 8    81.0   75.0
 11 2051.046792 2.518E-25 4.628E+00.04890.253 2724.04130.84-.004309          0 2 0          0 1 0  8  6  2        7  5  3      476626445910162524    17.0   15.0
 11 2051.128182 5.043E-27 2.151E-01.05760.341 2920.13210.57-.006109          1 0 0          0 1 0  9  4  6        8  5  3      454446441884672224    81.0   75.0
 11 2051.392470 1.070E-24 7.724E-01.09640.501 1875.46930.93-.008119          0 0 1          0 1 0  3  1  2        4  1  3      587720305910162545     7.0    9.0
 11 2051.505096 2.507E-28 2.129E-01.05910.343 3738.60890.610.001610          0 3 0          0 2 0  8  3  6        7  0  7      444436443284672224    81.0   75.0
 11 2051.555518 2.171E-24 3.094E+00.05450.362 2533.79170.560.006750          0 1 0          0 0 0 14  5 10       13  4  9      485420445967662423    87.0   81.0
 11 2051.647833 1.309E-26 2.823E+00.06460.382 3535.86980.47-.005369          0 2 0          0 1 0 12  5  8       11  4  7      454426443384672224    81.0   75.0
 11 2051.705736 2.208E-27 1.491E+00.07190.371 3601.85830.63-.007191          0 1 1          0 2 0  5  1  5        6  1  6      4742234433257122 7    81.0   75.0
 11 2051.707080 2.553E-28 3.119E+00.04500.195 4221.03810.340.014008          0 1 0          0 0 0 18  5 13       17  6 12      344233443231712211    81.0   75.0
 11 2051.747854 1.224E-29 2.681E-05.06310.315 2512.28250.550.003089          0 2 0          0 1 0  8  5  4        9  0  9      4442334432287122 8    81.0   75.0
 11 2051.938480 2.615E-29 1.228E+00.05320.333 4564.03030.57-.007120          0 1 1          0 2 0  8  5  3        8  5  4      4442334432257122 7    81.0   75.0
 11 2051.990640 6.890E-26 6.524E-02.08220.438 2024.15230.67-.007439          0 0 1          0 1 0  5  0  5        5  2  4      554426305984672224    11.0   11.0
 11 2052.088213 7.370E-28 1.481E+00.07250.371 3600.05230.63-.007306          0 1 1          0 2 0  5  0  5        6  0  6      4742234433257122 7    81.0   75.0
 11 2052.133216 3.066E-29 1.434E+01.00760.141 5246.07370.290.000000          0 1 0          0 0 0 23  1 22       22  2 21      3442334432327122 0    81.0   75.0
 11 2052.134735 1.022E-29 1.434E+01.00760.141 5246.07570.290.000000          0 1 0          0 0 0 23  2 22       22  1 21      3442334432327122 0    81.0   75.0
 11 2052.197418 3.720E-28 4.363E-01.09960.456 3221.96110.72-.001181          1 1 0          0 2 0  1  1  1        2  0  2      3742234433257122 7    81.0   75.0
 11 2052.411640 1.359E-26 5.662E-01.05370.326 3141.04570.55-.005619          0 0 1          0 1 0  9  5  5        9  5  4      574426303384672224    81.0   75.0
 11 2052.722920 7.595E-29 1.565E+00.05290.352 4368.63670.61-.007864          0 1 1          0 2 0  7  5  3        7  5  2      4442334432257122 7    81.0   75.0
 11 2052.993767 2.530E-29 1.564E+00.04990.352 4368.54590.61-.006316          0 1 1          0 2 0  7  5  2        7  5  3      4442334432257122 7    81.0   75.0
 11 2053.038158 1.197E-27 8.010E-03.05850.333 2764.69730.57-.006953          0 0 1          0 1 0  9  2  8        8  4  5      474223443330712210    81.0   75.0
 11 2053.053400 5.940E-26 2.261E-02.09990.469 1743.48630.72-.006369          1 0 0          0 1 0  3  1  3        2  2  0      564426305984672224     7.0    5.0
 11 2053.166647 5.111E-27 1.768E-03.09010.459 2042.75330.63-.002049          1 0 0          0 1 0  5  2  3        6  1  6      454426443384672224    81.0   75.0
 11 2053.361663 1.660E-27 4.441E+00.05680.265 3843.40940.44-.006563          0 2 0          0 1 0 13  5  9       12  4  8      4742234433297122 9    81.0   75.0
 11 2053.624785 5.306E-29 1.060E-01.08370.391 3598.51560.67-.008718          0 1 1          0 2 0  5  0  5        5  2  4      4442334432257122 7    81.0   75.0
 11 2053.660394 6.694E-28 9.597E-06.06910.315 1477.29720.55-.006207          0 1 0          0 0 0  8  8  1        9  5  4      574223443328712210    81.0   75.0
 11 2053.762682 5.852E-28 1.116E+00.08710.412 3495.93900.69-.002765          0 1 1          0 2 0  3  2  1        4  2  2      4742234433257122 7    81.0   75.0
 11 2053.864390 3.399E-24 7.948E-01.08280.492 1920.76580.77-.007519          0 0 1          0 1 0  4  0  4        5  0  5      584820305967162423    27.0   33.0
 11 2053.970953 6.961E-28 9.954E-04.07570.371 2398.38160.63-.013455          0 0 1          0 1 0  7  2  6        6  4  3      4742234433287122 8    81.0   75.0
 11 2054.321789 6.638E-29 2.063E+00.05290.371 4197.36040.63-.006892          0 1 1          0 2 0  6  5  2        6  5  1      4442334432257122 7    81.0   75.0
 11 2054.376098 1.993E-28 2.064E+00.05100.371 4197.33840.63-.005674          0 1 1          0 2 0  6  5  1        6  5  2      4442334432257122 7    81.0   75.0
 11 2054.432410 1.030E-24 7.302E-01.08450.458 1922.82900.85-.007389          0 0 1          0 1 0  4  1  4        5  1  5      587721305910162545     9.0   11.0
 11 2054.555350 3.144E-26 1.824E-02.09360.471 1922.90040.69-.005759          1 0 0          0 1 0  5  1  5        4  2  2      574426303384672224    81.0   75.0
 11 2054.620770 8.738E-29 8.015E-02.04150.281 3833.14380.47-.012670          1 0 0          0 1 0 12  5  8       11  6  5      4442334432297122 9    81.0   75.0
 11 2055.132341 3.726E-29 5.090E+00.05550.315 4600.49710.550.000222          0 3 0          0 2 0 10  5  5        9  4  6      3442334432287122 8    81.0   75.0
 11 2055.719923 3.577E-29 5.048E-04.03870.250 2748.09860.41-.009659          0 1 0          0 0 0 12  9  3       13  6  8      344233443231712211    81.0   75.0
 11 2055.784867 4.733E-28 2.842E+00.04500.391 4050.51220.67-.009915          0 1 1          0 2 0  5  5  1        5  5  0      4742234433257122 7    81.0   75.0
 11 2055.796784 1.587E-28 2.858E+00.04320.391 4050.50370.67-.009826          0 1 1          0 2 0  5  5  0        5  5  1      4442334432297122 8    81.0   75.0
 11 2055.855286 1.176E-27 4.882E+00.05330.250 4174.03730.410.003962          0 2 0          0 1 0 14  5 10       13  4  9      4742234433297122 9    81.0   75.0
 11 2055.911290 1.428E-26 6.840E-01.05310.320 2920.13200.57-.004999          0 0 1          0 1 0  8  5  4        8  5  3      574426303384672224    81.0   75.0
 11 2055.977586 2.597E-28 1.107E-05.06560.315 1474.98030.55-.004807          0 1 0          0 0 0  8  8  0        9  5  5      544233443228712210    81.0   75.0
 11 2056.155498 7.859E-27 4.406E-05.05670.300 1327.10960.470.005560          0 1 0          0 0 0 10  5  6       11  0 11      474426443384672224    81.0   75.0
 11 2056.428744 4.876E-28 4.250E-03.06370.352 2569.50790.61-.006056          0 0 1          0 1 0  8  2  7        7  4  4      474223443330712210    81.0   75.0
 11 2056.486109 2.623E-27 9.341E-01.10360.480 3201.91340.73-.007542          1 1 0          0 2 0  1  0  1        1  1  0      3742234433257122 7    81.0   75.0
 11 2056.515980 2.081E-26 5.062E-02.08160.416 2251.69530.67-.005579          1 0 0          0 1 0  6  3  3        5  4  2      574426303384672224    81.0   75.0
 11 2056.628346 3.391E-28 9.188E-02.05200.298 3564.70500.51-.001144          1 0 0          0 1 0 11  5  6       10  6  5      4742234433297122 8    81.0   75.0
 11 2056.737338 7.180E-28 4.278E-01.08680.412 3482.06480.690.000973          1 1 0          0 2 0  3  3  0        4  2  3      4542234433287122 7    81.0   75.0
 11 2057.024690 4.539E-27 5.655E-01.05790.356 3139.47550.55-.001669          0 0 1          0 1 0  9  5  4        9  5  5      474426443384672224    81.0   75.0
 11 2057.070687 3.914E-29 7.852E-02.08380.412 3598.72660.69-.005844          1 1 0          0 2 0  5  2  4        4  3  1      4442634432287122 7    81.0   75.0
 11 2057.340753 2.895E-29 4.405E-02.09110.434 3500.51050.71-.005971          1 1 0          0 2 0  4  2  2        3  3  1      4442634432287122 8    81.0   75.0
 11 2057.411220 3.580E-26 5.710E-01.05520.331 2919.63230.57-.002839          0 0 1          0 1 0  8  5  3        8  5  4      544426305984672224    51.0   51.0
 11 2057.419487 1.800E-25 3.912E+00.05070.337 2880.83260.400.006640          0 1 0          0 0 0 15  5 11       14  4 10      444426445984162224    31.0   29.0
 11 2057.636215 1.200E-27 1.625E-04.03370.265 1774.61530.44-.004312          0 1 0          0 0 0 11  6  6       12  1 11      474223443331712210    81.0   75.0
 11 2058.202088 4.920E-29 2.872E+00.07130.298 4669.73540.510.007857          0 3 0          0 2 0 11  4  7       10  3  8      3442334432287122 8    81.0   75.0
 11 2058.240070 1.947E-25 2.792E-02.09640.566 1819.33510.71-.006569          1 0 0          0 1 0  4  1  4        3  2  1      564626305984162224    27.0   21.0
 11 2058.495010 1.140E-25 7.977E-01.05210.286 2724.16700.61-.004559          0 0 1          0 1 0  7  5  3        7  5  2      564626305984162224    45.0   45.0
 11 2058.634478 3.886E-29 1.152E-01.08040.371 3713.08230.63-.001349          0 1 1          0 2 0  6  1  6        6  1  5      4442334432257122 7    81.0   75.0
 11 2058.653230 1.711E-26 7.402E-02.06960.366 2399.16540.63-.008709          1 0 0          0 1 0  7  3  5        6  4  2      574426303384672224    81.0   75.0
 11 2058.832401 3.920E-27 4.826E-01.06140.387 3383.26510.51-.000949          0 0 1          0 1 0 10  5  5       10  5  6      574426443384672224    81.0   75.0
 11 2058.878389 4.330E-26 9.088E-01.05280.312 2724.04130.61-.003799          0 0 1          0 1 0  7  5  2        7  5  3      454426445984672224    15.0   15.0
 11 2059.090350 4.019E-25 2.258E-03.06180.310 1080.38530.470.007890          0 1 0          0 0 0  9  5  5        9  2  8      565626305910162524    19.0   19.0
 11 2059.108900 3.728E-26 2.464E-02.08860.430 1907.45020.71-.004929          1 0 0          0 1 0  4  2  2        3  3  1      574426443384672224    81.0   75.0
 11 2059.173154 7.960E-29 5.129E+00.04840.235 4525.23780.400.006108          0 2 0          0 1 0 15  5 11       14  4 10      3442334432297122 9    81.0   75.0
 11 2059.214840 4.950E-26 4.320E-02.08440.414 2005.91670.69-.008079          1 0 0          0 1 0  5  2  4        4  3  1      554426305984672224    11.0    9.0
 11 2059.393495 1.158E-29 3.484E-01.07560.315 4493.80420.55-.006726          0 1 1          0 2 0  9  3  7        9  3  6      4442334432257122 7    81.0   75.0
 11 2059.574906 4.935E-29 3.969E-02.09930.456 3317.21020.72-.006725          1 1 0          0 2 0  3  1  3        2  2  0      4442634432287122 8    81.0   75.0
 11 2059.760190 1.294E-25 1.809E-01.07920.455 2392.59240.61-.004919          0 0 1          0 1 0  7  2  6        7  2  5      554526305984162224    45.0   45.0
 11 2059.816762 1.105E-28 1.515E-02.06570.281 3441.03880.47-.002974          0 0 1          0 1 0 12  1 11       11  3  8      444233443231712210    81.0   75.0
 11 2060.483380 3.896E-22 1.312E-01.07680.393  704.21400.680.006040          0 1 0          0 0 0  8  4  5        7  1  6      686421595967662423    51.0   45.0
 11 2060.646670 1.030E-25 1.087E+00.05150.286 2552.87970.63-.004299          0 0 1          0 1 0  6  5  2        6  5  1      544426305984162224    13.0   13.0
 11 2060.715990 3.200E-25 1.126E+00.05160.306 2552.85720.63-.004029          0 0 1          0 1 0  6  5  1        6  5  2      564526305984162224    39.0   39.0
 11 2060.746012 3.279E-29 4.006E-02.09260.412 3495.93900.69-.005519          1 1 0          0 2 0  5  1  5        4  2  2      4442534432287122 8    81.0   75.0
 11 2061.199780 3.237E-27 2.518E-03.07600.371 2271.71200.63-.011317          0 0 1          0 1 0  7  1  7        6  3  4      4742234433287122 8    81.0   75.0
 11 2061.875270 2.040E-25 1.728E-01.06510.459 2337.66650.57-.004009          0 2 0          0 1 0  9  2  7        8  1  8      564426305984162224    57.0   51.0
 11 2062.138471 5.700E-26 7.286E-01.06530.384 2690.59370.550.007150          0 2 0          0 1 0 10  3  7        9  2  8      444426445984672224    21.0   19.0
 11 2062.160255 2.980E-29 2.277E-01.07020.352 4188.39400.61-.009556          1 1 0          0 2 0  8  3  6        7  4  3      4442434432287122 8    81.0   75.0
 11 2062.183906 1.460E-27 8.745E-01.08370.412 3482.06480.69-.001369          0 1 1          0 2 0  3  2  2        4  2  3      4642234433257122 7    81.0   75.0
 11 2062.530546 5.288E-29 6.445E+00.03940.221 4894.58450.370.007608          0 2 0          0 1 0 16  5 12       15  4 11      4442334432297122 9    81.0   75.0
 11 2062.550220 7.340E-25 1.499E+00.05180.265 2406.14300.66-.000259          0 0 1          0 1 0  5  5  1        5  5  0      586721305910162545    33.0   33.0
 11 2062.556860 2.444E-25 1.497E+00.04580.257 2406.14100.67-.004499          0 0 1          0 1 0  5  5  0        5  5  1      574426303384672224    81.0   75.0
 11 2063.076880 6.259E-25 4.687E-04.08450.412  842.35650.860.000840          0 1 0          0 0 0  7  6  1        7  3  4      576626305910162524    45.0   45.0
 11 2063.088850 2.408E-26 4.194E-02.08050.401 2462.87520.61-.006969          1 0 0          0 1 0  8  2  7        7  3  4      574426303384672224    81.0   75.0
 11 2063.112980 2.681E-25 6.943E-04.07060.305  920.20980.770.005450          0 1 0          0 0 0  9  4  6        9  1  9      576626305910162524    19.0   19.0
 11 2063.216976 1.533E-29 2.877E+00.03470.352 4846.77540.61-.006637          1 1 0          1 0 0  8  7  2        7  6  1      4442334432287122 7    81.0   75.0
 11 2063.310711 6.641E-29 6.851E-04.01640.208 2952.39180.35-.006092          0 1 0          0 0 0 15  5 10       16  2 15      444233443231712211    81.0   75.0
 11 2064.022826 3.483E-28 4.327E-01.05200.281 3650.50820.47-.000701          0 0 1          0 1 0 11  5  6       11  5  7      4742234433297122 9    81.0   75.0
 11 2064.508970 7.823E-27 1.203E-01.02090.135 2972.82810.47-.008969          0 1 0          0 0 0 11 11  0       11 10  1      374426443384672224    81.0   75.0
 11 2064.508996 2.608E-27 1.203E-01.02090.135 2972.82810.47-.008969          0 1 0          0 0 0 11 11  1       11 10  2      374426443384672224    81.0   75.0
 11 2064.620816 1.614E-28 4.883E-02.09540.434 3392.74930.71-.006718          1 1 0          0 2 0  4  1  4        3  2  1      4442634432287122 8    81.0   75.0
 11 2064.836609 3.454E-29 1.093E-02.06510.265 3386.05130.440.003388          0 2 0          0 1 0 12  4  8       12  1 11      4442334432297122 8    81.0   75.0
 11 2064.853190 5.090E-22 3.068E+00.02860.191 1045.05830.63-.002189          0 1 0          0 0 0  7  7  1        6  6  0      574426303384672224    81.0   75.0
 11 2064.853650 1.506E-21 3.026E+00.03180.193 1045.05780.18-.011779          0 1 0          0 0 0  7  7  0        6  6  1      585520305967662423    45.0   39.0
 11 2065.018270 1.966E-22 2.608E+00.05640.309 1255.91150.59-.009869          0 1 0          0 0 0  9  6  4        8  5  3      686621595967662423    19.0   17.0
 11 2065.472504 2.528E-29 1.003E-01.08020.352 4052.83690.61-.007023          1 1 0          0 2 0  8  2  7        7  3  4      4442334432287122 8    81.0   75.0
 11 2065.613557 4.233E-28 3.785E-03.07210.333 2595.81270.57-.006870          0 0 1          0 1 0  9  0  9        8  2  6      4742234433287122 8    81.0   75.0
 11 2065.638487 1.130E-25 4.542E+00.04230.265 3244.59930.370.007980          0 1 0          0 0 0 16  5 12       15  4 11      444326445984162224    99.0   93.0
 11 2065.840376 2.474E-28 1.088E+01.00760.161 4738.62840.310.000000          0 1 0          0 0 0 21  2 19       20  3 18      4442334432327122 0    81.0   75.0
 11 2065.846550 5.886E-22 2.595E+00.05420.302 1255.16660.54-.009829          0 1 0          0 0 0  9  6  3        8  5  4      686421595967662423    57.0   51.0
 11 2065.878904 8.247E-29 1.088E+01.00760.161 4738.62010.310.000000          0 1 0          0 0 0 21  3 19       20  2 18      3442334432327122 0    81.0   75.0
 11 2066.352277 1.430E-27 2.293E-03.05080.412 2129.61850.69-.005491          0 0 1          0 1 0  5  2  3        4  4  0      474223443330712210    81.0   75.0
 11 2066.614600 3.042E-25 6.769E-02.09120.453 1908.01630.69-.008319          0 0 1          0 1 0  4  0  4        4  2  3      574626305984162224    27.0   27.0
 11 2066.756025 3.558E-28 1.360E-02.05440.328 3141.04570.55-.008999          1 0 0          0 1 0 10  4  7        9  5  4      444426443384672224    81.0   75.0
 11 2066.834360 5.631E-29 4.630E-02.04930.298 3565.00420.51-.009018          0 0 1          0 1 0 11  4  7       10  6  4      444233443231712210    81.0   75.0
 11 2067.150717 1.291E-27 2.338E-01.07330.298 3253.73730.51-.011398          1 0 0          0 1 0 11  3  9       10  4  6      4642234433297122 8    81.0   75.0
 11 2067.202835 2.197E-27 7.850E+00.01630.183 4201.85540.33-.007192          0 1 0          0 0 0 19  3 16       18  4 15      474223443331712211    81.0   75.0
 11 2067.338032 7.099E-29 8.055E-04.07790.333 2595.81270.570.002030          0 0 1          0 1 0  7  4  3        8  2  6      4442334432287122 8    81.0   75.0
 11 2067.491052 1.241E-28 5.596E-01.07060.250 4174.03710.410.005518          1 0 0          0 1 0 13  5  8       13  4  9      3442334432297122 9    81.0   75.0
 11 2067.736696 1.024E-27 1.498E+00.09240.412 3438.57480.69-.000324          0 1 1          0 2 0  3  1  2        4  1  3      4742234433257122 7    81.0   75.0
 11 2067.779070 2.073E-24 5.401E-01.08550.472 1819.33510.93-.000459          0 0 1          0 1 0  2  2  0        3  2  1      584820305967162423    15.0   21.0
 11 2067.779957 9.701E-29 1.013E-01.08790.391 3722.73100.67-.001222          1 1 0          0 2 0  6  2  5        5  3  2      4442334432257122 7    81.0   75.0
 11 2067.877951 3.108E-28 5.734E+00.03980.217 4368.63690.61-.003549          0 3 0          0 2 0  8  6  3        7  5  2      474426443384672224    81.0   75.0
 11 2067.992275 1.013E-28 5.605E+00.03970.217 4368.54590.61-.003179          0 3 0          0 2 0  8  6  2        7  5  3      444436443284672224    81.0   75.0
 11 2068.007949 1.074E-27 5.204E+00.02930.195 4027.50430.340.003308          0 1 0          0 0 0 18  4 14       17  5 13      374223443331712211    81.0   75.0
 11 2068.093979 1.226E-27 2.179E-01.01870.265 3266.76380.44-.005547          0 1 0          0 0 0 12 11  1       12 10  2      374223443331712211    81.0   75.0
 11 2068.094813 3.679E-27 2.179E-01.02030.147 3266.76300.44-.007329          0 1 0          0 0 0 12 11  2       12 10  3      374426443384672224    81.0   75.0
 11 2068.172834 5.071E-27 3.161E-02.05980.352 2724.16700.61-.007413          0 0 1          0 1 0  8  3  5        7  5  2      464223443330712210    81.0   75.0
 11 2068.310330 1.934E-26 4.098E-01.07090.401 2998.76600.55-.011039          0 0 1          0 1 0  9  4  6        9  4  5      574426303384672224    81.0   75.0
 11 2068.498107 4.191E-29 1.087E-01.08160.371 3713.08230.630.004564          0 3 0          0 2 0  7  4  4        6  1  5      4442334432257122 7    81.0   75.0
 11 2068.606244 2.207E-28 1.035E-01.09000.412 3482.06470.69-.006435          0 1 1          0 2 0  4  0  4        4  2  3      4442334432257122 7    81.0   75.0
 11 2068.760894 7.331E-28 7.847E+00.01800.183 4201.24860.330.002308          0 1 0          0 0 0 19  4 16       18  3 15      374223443331712211    81.0   75.0
 11 2068.794190 3.263E-26 4.109E-03.06540.358 1774.61530.440.004670          0 1 0          0 0 0 12  4  8       12  1 11      574426303384672224    81.0   75.0
 11 2068.864641 8.925E-28 1.829E-03.05630.277 2495.16570.570.006250          0 2 0          0 1 0  8  5  4        8  2  7      474426443384672224    81.0   75.0
 11 2068.896690 1.160E-25 5.281E-02.08230.443 2130.49420.67-.008479          1 0 0          0 1 0  6  2  5        5  3  2      564426305984672224    39.0   33.0
 11 2069.410458 1.268E-27 1.699E-03.08140.391 2126.40760.67-.011356          0 0 1          0 1 0  6  1  6        5  3  3      4742234433287122 8    81.0   75.0
 11 2069.811363 5.421E-27 3.620E-03.09450.446 1907.45020.71-.008229          0 0 1          0 1 0  4  1  4        3  3  1      564426443384672224    81.0   75.0
 11 2070.277420 2.229E-26 3.222E-01.08010.420 2670.78950.57-.007659          0 0 1          0 1 0  8  3  6        8  3  5      574426303384672224    81.0   75.0
 11 2070.496709 9.848E-28 1.390E+00.08180.391 3482.48010.67-.007019          0 1 1          0 2 0  4  1  4        5  1  5      4742234433257122 7    81.0   75.0
 11 2070.641655 1.996E-26 4.957E-02.08120.417 2282.58960.63-.007889          1 0 0          0 1 0  7  2  6        6  3  3      474426443384672224    81.0   75.0
 11 2071.059160 1.304E-29 1.288E-04.06640.315 2818.39770.550.002141          1 0 0          0 1 0  8  5  4        9  2  7      4442334432287122 8    81.0   75.0
 11 2071.134275 1.876E-29 1.065E-01.08300.371 3873.79320.63-.005518          1 1 0          0 2 0  7  2  6        6  3  3      4442534432287122 8    81.0   75.0
 11 2071.389053 1.104E-27 2.830E-01.01940.250 3583.37060.41-.008244          0 2 0          0 0 0 13  3 10       13 10  3      344233443231712211    81.0   75.0
 11 2071.404987 3.901E-28 3.000E-01.01770.250 3583.37250.41-.005615          0 1 0          0 0 0 13 11  3       13 10  4      374223443331712211    81.0   75.0
 11 2071.408876 1.166E-27 2.989E-01.01920.250 3583.37060.41-.005822          0 1 0          0 0 0 13 11  2       13 10  3      374223443331712211    81.0   75.0
 11 2071.682333 7.270E-26 1.829E+00.06280.377 3072.72590.510.011780          0 2 0          0 1 0 11  4  7       10  3  8      464426445984672224    69.0   63.0
 11 2071.684587 3.405E-27 1.577E+00.08510.391 3478.98640.67-.007795          0 1 1          0 2 0  4  0  4        5  0  5      4742234433257122 7    81.0   75.0
 11 2071.859940 3.229E-26 9.646E-02.06780.354 2572.13930.61-.011289          1 0 0          0 1 0  8  3  6        7  4  3      574426303384672224    81.0   75.0
 11 2071.950170 6.950E-25 5.309E-01.09010.480 1813.78760.91-.004349          0 0 1          0 1 0  2  2  1        3  2  2      587726305910162524     5.0    7.0
 11 2072.005100 2.259E-25 1.885E-01.06500.357 2309.73010.610.007480          0 2 0          0 1 0  8  4  5        7  1  6      564526305984162224    51.0   45.0
 11 2072.080061 9.447E-28 2.768E-04.08790.412 2004.81540.69-.011272          0 0 1          0 1 0  5  1  5        4  3  2      5642234433287122 8    81.0   75.0
 11 2072.336125 4.232E-29 1.597E-01.08160.371 4015.51460.63-.001367          1 1 0          0 2 0  7  3  4        6  4  3      4442534432257122 7    81.0   75.0
 11 2072.373875 3.100E-29 4.665E-04.06260.315 2904.67020.55-.005676          0 0 1          0 1 0  8  5  3        9  3  6      444233443230712210    81.0   75.0
 11 2072.414020 7.470E-26 8.114E-05.08050.370  661.54890.630.000130          0 1 0          0 0 0  6  6  0        6  3  3      554426305984672224    13.0   13.0
 11 2072.488670 8.210E-26 1.189E+00.07460.289 2919.63230.57-.002649          1 0 0          0 1 0  9  4  5        8  5  4      554426305984162224    57.0   51.0
 11 2072.539990 2.013E-23 4.293E-03.08480.359  326.62550.690.004550          0 1 0          0 0 0  6  4  2        5  1  5      686420595967662423    13.0   11.0
 11 2072.784883 1.792E-27 3.472E-02.02660.221 3080.17770.370.000108          0 1 0          0 0 0 15  6  9       15  3 12      474223443331712211    81.0   75.0
 11 2072.892143 2.334E-28 8.673E-02.09410.412 3381.70410.690.001209          1 1 0          0 2 0  3  2  1        4  1  4      4442234432257122 7    81.0   75.0
 11 2072.928473 2.729E-28 4.294E-01.05460.265 3940.51830.440.003176          0 0 1          0 1 0 12  5  7       12  5  8      4742234433297122 8    81.0   75.0
 11 2073.378220 1.539E-24 8.561E-01.09450.516 1817.45120.89-.008559          0 0 1          0 1 0  3  0  3        4  0  4      588821305910162545     7.0    9.0
 11 2073.400292 6.813E-29 2.349E-04.04660.265 2437.50120.44-.013091          0 1 0          0 0 0 11  9  3       12  6  6      444233443231712211    81.0   75.0
 11 2073.583271 8.899E-29 2.662E-01.07960.352 3967.48830.61-.004109          0 1 1          0 2 0  7  2  6        7  2  5      4442334432257122 7    81.0   75.0
 11 2073.635384 1.491E-29 1.019E-04.06480.333 2490.35400.570.003986          1 0 0          0 1 0  7  4  4        8  1  7      5442334432287122 8    81.0   75.0
 11 2073.991220 4.395E-24 8.320E-01.09230.484 1821.59680.80-.005629          0 0 1          0 1 0  3  1  3        4  1  4      586820305967162423    21.0   27.0
 11 2074.235400 1.939E-22 7.190E-02.07100.377  744.16270.58-.004399          0 1 0          0 0 0  9  2  7        8  1  8      686521595967662423    57.0   51.0
 11 2074.328702 1.111E-29 5.445E-01.07870.315 4611.79440.55-.010224          1 1 0          0 2 0 10  3  8        9  4  5      4442434432287122 8    81.0   75.0
 11 2074.358944 2.986E-28 3.713E-01.01840.235 3922.32940.40-.005492          0 1 0          0 0 0 14 11  4       14 10  5      374223443331712211    81.0   75.0
 11 2074.359411 9.426E-29 3.516E-01.01840.235 3922.32930.40-.005492          0 1 0          0 0 0 14 11  3       14 10  4      344233443231712211    81.0   75.0
 11 2074.570392 9.950E-26 4.342E+00.04450.282 2920.13200.57-.005639          0 2 0          0 1 0  9  6  4        8  5  3      464426445984672224    19.0   17.0
 11 2074.762895 1.667E-28 4.917E-01.07020.265 3843.40940.44-.000707          1 0 0          0 1 0 12  5  7       12  4  8      3442334432297122 9    81.0   75.0
 11 2075.161115 1.464E-28 1.876E-02.06710.298 3162.25830.510.002744          0 2 0          0 1 0 10  6  4       10  3  7      4442334432297122 8    81.0   75.0
 11 2075.371268 1.256E-28 1.782E-01.09220.391 3482.48000.67-.001038          1 1 0          0 2 0  4  2  2        5  1  5      4442534432287122 7    81.0   75.0
 11 2075.631470 6.100E-26 3.222E+00.04790.317 3224.54620.510.001970          0 2 0          0 1 0 11  5  6       10  4  7      564426305984672224    69.0   63.0
 11 2075.735771 1.237E-29 6.709E-01.07480.315 4611.79440.55-.008137          0 1 1          0 2 0  9  4  6        9  4  5      4442334432257122 7    81.0   75.0
 11 2076.032790 4.075E-25 1.176E-01.08900.488 2000.86290.67-.002779          0 0 1          0 1 0  5  1  5        5  1  4      574626305984162224    33.0   33.0
 11 2076.698530 2.032E-25 2.955E+00.05670.279 2919.63230.57-.004419          0 2 0          0 1 0  9  6  3        8  5  4      566526305910162524    57.0   51.0
 11 2076.717376 6.450E-27 4.681E+00.03370.247 3623.76310.350.008130          0 1 0          0 0 0 17  5 13       16  4 12      374426443384672224    81.0   75.0
 11 2076.887419 6.118E-29 4.124E-01.01760.221 4283.30710.37-.005192          0 1 0          0 0 0 15 11  4       15 10  5      344233443231712211    81.0   75.0
 11 2076.890008 2.039E-29 4.124E-01.01590.221 4283.30420.37-.003992          0 1 0          0 0 0 15 11  5       15 10  6      344233443231712211    81.0   75.0
 11 2076.971870 4.008E-24 8.387E-01.10230.448 1772.41340.82-.001489          0 0 1          0 1 0  2  1  1        3  1  2      584820305967162423    15.0   21.0
 11 2077.041760 1.086E-25 5.955E-02.09750.475 1813.78760.71-.009409          0 0 1          0 1 0  3  0  3        3  2  2      554426305984672224     7.0    7.0
 11 2077.098896 2.146E-28 2.431E-04.04250.265 2433.79910.44-.009584          0 1 0          0 0 0 11  9  2       12  6  7      544233443231712211    81.0   75.0
 11 2077.499635 7.122E-27 1.377E-01.07870.315 2998.76600.55-.010224          1 0 0          0 1 0 10  3  8        9  4  5      4742234433287122 8    81.0   75.0
 11 2077.563435 1.026E-29 3.255E-01.02530.265 4557.54490.44-.015368          1 0 0          0 1 0 12  9  4       12  8  5      3442334432297122 9    81.0   75.0
 11 2077.652380 6.440E-29 2.257E-02.05810.298 3387.39990.51-.017141          1 0 0          0 1 0 11  4  8       10  5  5      4442334432297122 9    81.0   75.0
 11 2077.975957 1.975E-29 1.601E-01.02130.298 4240.94140.51-.011218          0 2 0          0 1 0 10 10  1       10  9  2      4442334432297122 9    81.0   75.0
 11 2078.144739 5.455E-28 1.857E-04.03810.265 1960.20610.440.002865          0 1 0          0 0 0 11  7  5       12  2 10      474223443331712211    81.0   75.0
 11 2078.229870 2.110E-25 4.735E+00.02640.164 2733.96270.63-.000899          0 2 0          0 1 0  7  7  1        6  6  0      574426303384672224    81.0   75.0
 11 2078.230110 5.939E-25 4.443E+00.02660.175 2733.96270.80-.010609          0 2 0          0 1 0  7  7  0        6  6  1      587721305910162545    45.0   39.0
 11 2078.514667 1.147E-29 3.155E-01.02150.281 4510.89790.47-.012672          0 2 0          0 1 0 11 10  1       11  9  2      3442334432297122 9    81.0   75.0
 11 2078.568060 9.567E-23 1.722E+00.05780.324 1581.33570.530.009710          0 1 0          0 0 0 11  5  6       10  4  7      686520595967662423    69.0   63.0
 11 2078.750846 5.380E-27 1.146E-01.06840.392 2771.69000.57-.013199          1 0 0          0 1 0  9  3  7        8  4  4      474426443384672224    81.0   75.0
 11 2078.925108 1.150E-29 4.687E-01.01540.208 4665.97220.35-.004092          0 1 0          0 0 0 16 11  6       16 10  7      344233443231712211    81.0   75.0
 11 2078.953871 6.952E-29 8.025E-02.09460.434 3387.68040.71-.008234          0 1 1          0 2 0  3  0  3        3  2  2      4442334432257122 7    81.0   75.0
 11 2079.731624 4.801E-29 3.769E-01.06590.250 4285.64650.41-.013728          1 0 0          0 1 0 13  6  7       13  5  8      4442334432297122 9    81.0   75.0
 11 2079.847821 2.104E-26 5.012E-01.06860.373 2771.69000.57-.008899          0 0 1          0 1 0  8  4  5        8  4  4      474426443384672224    81.0   75.0
 11 2079.934000 3.454E-24 5.719E-01.10490.471 1618.55700.750.003720          1 0 0          0 1 0  1  1  0        1  0  1      586620305967662423     9.0    9.0
 11 2079.947411 5.488E-29 5.797E-02.09860.434 3299.99100.710.000379          1 1 0          0 2 0  2  2  0        3  1  3      3442634432257122 7    81.0   75.0
 11 2080.047227 2.558E-27 8.591E-05.05510.273 1690.66360.470.006220          0 1 0          0 0 0 10  7  4       11  2  9      474426443384672224    81.0   75.0
 11 2080.132043 2.859E-29 2.395E-01.02590.281 4265.97560.47-.015762          1 0 0          0 1 0 11  9  2       11  8  3      4442334432297122 9    81.0   75.0
 11 2080.795150 3.410E-26 2.870E-06.08900.400  325.34790.670.003800          0 1 0          0 0 0  5  5  0        5  0  5      544426305984672224    33.0   33.0
 11 2080.906695 1.904E-27 1.053E+00.08870.434 3392.74930.71-.000809          0 1 1          0 2 0  2  2  0        3  2  1      4742234433257122 7    81.0   75.0
 11 2080.974510 1.700E-27 2.652E-04.04660.247 2042.30980.410.006500          0 1 0          0 0 0 12  6  7       13  1 12      474426443384672224    81.0   75.0
 11 2081.658178 3.204E-29 4.423E+00.04260.270 4842.13040.51-.000059          0 3 0          0 2 0 11  5  6       10  4  7      344436443284672224    81.0   75.0
 11 2081.873460 4.684E-23 2.434E-01.07140.377 1080.38530.520.004460          0 1 0          0 0 0 10  3  7        9  2  8      687321595967662423    21.0   19.0
 11 2082.132395 7.127E-29 2.892E-02.06170.281 3659.90330.47-.015627          1 0 0          0 1 0 12  4  9       11  5  6      4442334432297122 8    81.0   75.0
 11 2082.435121 8.107E-28 3.424E-04.03170.250 2246.88390.41-.002982          0 1 0          0 0 0 12  7  6       13  2 11      474223443331712210    81.0   75.0
 11 2082.469467 2.122E-29 1.588E-01.02570.298 3997.50810.51-.011479          1 0 0          0 1 0 10  9  1       10  8  2      4442334432297122 9    81.0   75.0
 11 2082.469690 6.367E-29 1.588E-01.02830.298 3997.50780.51-.013356          1 0 0          0 1 0 10  9  2       10  8  3      4442334432297122 9    81.0   75.0
 11 2082.628562 1.540E-29 3.676E-03.08630.411 3381.70410.690.007110          0 3 0          0 2 0  5  4  1        4  1  4      444436443284672224    81.0   75.0
 11 2082.907340 1.414E-25 2.571E-02.10260.449 1742.30560.72-.009249          0 0 1          0 1 0  2  0  2        2  2  1      564626305984162224    15.0   15.0
 11 2083.066799 1.092E-29 1.102E+01.00760.150 5163.08540.300.000000          0 1 0          0 0 0 22  2 20       21  3 19      3442334432327122 0    81.0   75.0
 11 2083.093474 3.277E-29 1.102E+01.00760.150 5163.07570.300.000000          0 1 0          0 0 0 22  3 20       21  2 19      3442334432327122 0    81.0   75.0
 11 2083.529885 3.588E-27 5.470E-01.07770.442 3441.03870.470.002510          1 0 0          0 1 0 11  4  7       11  3  8      474426443384672224    81.0   75.0
 11 2083.587644 2.482E-29 4.992E-01.05650.250 4252.44730.410.002595          0 0 1          0 1 0 13  5  8       13  5  9      4442334432297122 9    81.0   75.0
 11 2084.541163 3.812E-27 4.930E-01.08200.454 3162.25830.510.000750          1 0 0          0 1 0 10  4  6       10  3  7      474426443384672224    81.0   75.0
 11 2084.569176 3.198E-29 8.051E-02.02880.315 3752.41600.55-.010919          1 0 0          0 1 0  9  9  1        9  8  2      3442334432297122 9    81.0   75.0
 11 2084.569507 9.595E-29 8.052E-02.02920.315 3752.41580.55-.016875          1 0 0          0 1 0  9  9  0        9  8  1      4442334432287122 8    81.0   75.0
 11 2084.591583 1.018E-28 3.894E-02.09940.456 3316.14530.72-.007400          0 1 1          0 2 0  2  0  2        2  2  1      4442334432257122 7    81.0   75.0
 11 2084.659961 1.438E-29 4.768E-01.08040.333 4259.87890.57-.004158          0 1 1          0 2 0  8  3  6        8  3  5      4442334432257122 7    81.0   75.0
 11 2084.670604 6.510E-28 1.058E+00.08820.434 3387.68040.71-.000940          0 1 1          0 2 0  2  2  1        3  2  2      4742234433257122 7    81.0   75.0
 11 2084.734248 3.913E-28 4.323E-04.07620.352 2309.73010.610.000899          1 0 0          0 1 0  6  4  3        7  1  6      5642234433287122 7    81.0   75.0
 11 2084.983990 1.587E-25 5.471E-05.07500.333  648.97870.63-.001289          0 1 0          0 0 0  6  6  1        6  3  4      564626305984162224    39.0   39.0
 11 2085.086990 4.338E-25 5.645E-02.09700.502 1742.30560.72-.005299          1 0 0          0 1 0  3  1  2        2  2  1      574626305984162224    21.0   15.0
 11 2085.372840 1.725E-25 3.543E-01.08630.406 2211.19050.63-.004799          0 0 1          0 1 0  6  2  5        6  2  4      564626305984162224    13.0   13.0
 11 2085.463479 1.589E-27 3.848E-01.07070.281 3535.86980.47-.007602          1 0 0          0 1 0 11  5  6       11  4  7      4742234433297122 8    81.0   75.0
 11 2085.499760 1.292E-24 4.851E-01.10400.447 1664.96460.910.001450          1 0 0          0 1 0  2  1  1        2  0  2      587820305910162545     5.0    5.0
 11 2085.920817 3.723E-29 1.051E-01.05520.281 3832.25150.470.000153          1 0 0          0 1 0 12  5  7       11  6  6      3442334432297122 9    81.0   75.0
 11 2086.186993 1.084E-28 8.127E+00.00760.172 4608.55470.320.000000          0 1 0          0 0 0 20  3 17       19  4 16      3442334432327122 0    81.0   75.0
 11 2086.610670 5.970E-26 8.810E-02.08220.428 2398.38160.63-.005289          1 0 0          0 1 0  7  3  4        6  4  3      554426305984672224    45.0   39.0
 11 2086.835590 1.753E-25 6.021E-01.06690.326 2572.13930.61-.006669          0 0 1          0 1 0  7  4  4        7  4  3      564626305984162224    45.0   45.0
 11 2087.073737 3.249E-28 8.113E+00.00760.172 4608.21990.320.000000          0 1 0          0 0 0 20  4 17       19  3 16      4742234433327122 0    81.0   75.0
 11 2087.214556 1.169E-28 3.558E+00.03360.183 4638.64210.330.009508          0 1 0          0 0 0 19  5 14       18  6 13      444233443231712211    81.0   75.0
 11 2087.407680 1.968E-22 2.360E+00.05940.303 1477.29720.45-.010869          0 1 0          0 0 0 10  6  5        9  5  4      686521595967662423    63.0   57.0
 11 2087.451200 1.511E-26 2.064E-01.08350.432 2904.67010.55-.001159          1 0 0          0 1 0  9  4  5        9  3  6      544426303384672224    81.0   75.0
 11 2087.467159 2.072E-27 9.965E-03.02450.235 2550.88160.40-.001192          0 1 0          0 0 0 14  5  9       14  2 12      374223443331712211    81.0   75.0
 11 2087.591310 3.011E-28 5.401E-01.06960.265 3738.54220.440.004239          1 0 0          0 1 0 12  4  8       12  3  9      4742234433297122 9    81.0   75.0
 11 2087.976245 2.339E-29 2.471E-01.02990.265 4329.31880.44-.016422          1 0 0          0 1 0 12  8  5       12  7  6      4442334432297122 9    81.0   75.0
 11 2088.109519 2.924E-28 1.714E-01.08890.391 3565.45450.67-.003180          0 1 1          0 2 0  5  1  5        5  1  4      4742234433257122 7    81.0   75.0
 11 2088.121975 1.212E-28 7.383E-04.05800.315 2512.37520.550.004545          0 2 0          0 1 0  9  4  6        9  1  9      5442334432287122 8    81.0   75.0
 11 2088.314210 1.523E-28 1.045E-01.08890.412 3597.86620.69-.003326          1 1 0          0 2 0  5  2  3        4  3  2      4442434432257122 7    81.0   75.0
 11 2088.659021 9.644E-28 3.171E-05.06600.298 1437.96780.51-.004656          0 1 0          0 0 0  9  7  3       10  2  8      574223443329712210    81.0   75.0
 11 2088.736370 9.400E-26 1.911E-04.06850.278  816.69420.610.000480          0 1 0          0 0 0  7  6  2        7  3  5      564526305984162224    15.0   15.0
 11 2089.307237 1.672E-29 2.842E-01.04500.250 4442.71140.41-.021374          1 0 0          0 1 0 13  7  6       13  6  7      4442334432297122 9    81.0   75.0
 11 2089.468704 1.209E-28 1.075E+00.07080.352 4188.39400.61-.008338          0 1 1          0 2 0  7  4  4        7  4  3      4442334432257122 7    81.0   75.0
 11 2089.631380 2.839E-25 1.397E-03.05050.297 1293.63370.510.008670          0 1 0          0 0 0 10  5  6       10  2  9      574626305984162224    63.0   63.0
 11 2089.659893 1.561E-29 6.695E-02.05970.250 4174.03710.41-.004382          0 0 1          0 1 0 14  2 12       13  4  9      444233443231712211    81.0   75.0
 11 2089.742260 6.960E-23 6.563E-01.07520.415 1446.12790.710.011080          0 1 0          0 0 0 11  4  7       10  3  8      687321595967662423    69.0   63.0
 11 2090.022790 6.547E-23 2.334E+00.05390.312 1474.98030.52-.009179          0 1 0          0 0 0 10  6  4        9  5  5      686620595967662423    21.0   19.0
 11 2090.100610 6.442E-22 2.689E+00.03830.229 1216.19440.43-.009619          0 1 0          0 0 0  8  7  2        7  6  1      584620305967662423    51.0   45.0
 11 2090.105760 2.131E-22 2.668E+00.03920.226 1216.18970.50-.012189          0 1 0          0 0 0  8  7  1        7  6  2      688421595910672545    17.0   15.0
 11 2090.361360 3.620E-24 8.805E-04.08540.374  315.77950.820.001440          0 1 0          0 0 0  5  5  1        4  2  2      585521305967662423    11.0    9.0
 11 2090.371712 3.286E-27 5.175E+00.02840.195 4017.90630.340.003508          0 1 0          0 0 0 18  5 14       17  4 13      474223443331712211    81.0   75.0
 11 2090.398220 2.600E-25 5.269E-01.08210.543 2462.87520.61-.006479          0 0 1          0 1 0  7  3  5        7  3  4      564426305984162224    45.0   45.0
 11 2090.898420 1.581E-25 8.140E-01.06580.370 2399.16540.63-.005149          0 0 1          0 1 0  6  4  3        6  4  2      564526305984162224    13.0   13.0
 11 2090.974890 5.404E-25 1.763E-01.10330.431 1634.96710.73-.003739          1 0 0          0 1 0  2  0  2        1  1  1      574726305984162224     5.0    3.0
 11 2091.089880 9.560E-25 5.578E-01.09340.472 1875.46930.83-.000869          1 0 0          0 1 0  4  2  2        4  1  3      577620445910162545     9.0    9.0
 11 2091.104270 2.140E-25 6.385E-02.08780.408 2004.81540.69-.005329          1 0 0          0 1 0  5  2  3        4  3  2      554526305984162224    33.0   27.0
 11 2091.120937 1.761E-29 5.585E-01.02970.235 4585.34720.40-.003388          1 0 0          0 1 0 14  6  9       14  5 10      4442334432297122 9    81.0   75.0
 11 2091.336643 1.547E-27 1.702E+00.08880.412 3375.29770.69-.005703          0 1 1          0 2 0  3  0  3        4  0  4      4742234433257122 7    81.0   75.0
 11 2091.440290 4.280E-27 1.619E+00.08800.412 3381.70420.69-.004478          0 1 1          0 2 0  3  1  3        4  1  4      4742234433257122 7    81.0   75.0
 11 2091.581099 7.179E-29 2.012E-01.03070.281 4038.40280.47-.011416          1 0 0          0 1 0 11  8  3       11  7  4      4442334432297122 9    81.0   75.0
 11 2091.629603 2.392E-29 2.010E-01.03040.281 4038.35080.47-.011193          1 0 0          0 1 0 11  8  4       11  7  5      3442334432297122 9    81.0   75.0
 11 2091.660644 1.563E-26 2.144E-01.07200.387 2904.67010.55-.002729          0 2 0          0 1 0  9  6  3        9  3  6      444426443384672224    81.0   75.0
 11 2092.019061 5.652E-29 2.977E-01.06310.265 3959.25220.44-.013753          1 0 0          0 1 0 12  6  6       12  5  7      4442334432297122 9    81.0   75.0
 11 2092.029524 3.842E-29 5.043E+00.04040.229 4564.36670.57-.002079          0 3 0          0 2 0  9  6  4        8  5  3      344436443284672224    81.0   75.0
 11 2092.193223 4.995E-28 5.619E+00.02860.183 4432.85680.330.001308          0 1 0          0 0 0 19  4 15       18  5 14      474223443331712211    81.0   75.0
 11 2092.262095 1.056E-28 1.410E+00.06710.371 4016.05250.63-.007539          0 1 1          0 2 0  6  4  3        6  4  2      4442334432257122 7    81.0   75.0
 11 2092.350350 3.032E-24 4.599E-01.09750.440 1772.41340.750.009620          1 0 0          0 1 0  3  2  1        3  1  2      584520305967662423    21.0   21.0
 11 2092.399610 3.109E-25 4.486E-01.10550.440 2392.59240.61-.000629          1 0 0          0 1 0  7  3  4        7  2  5      576626305910162224    45.0   45.0
 11 2092.467428 1.152E-28 5.034E+00.03980.226 4564.03030.57-.001389          0 3 0          0 2 0  9  6  3        8  5  4      444436443284672224    81.0   75.0
 11 2092.497146 1.152E-28 5.980E-04.02450.235 2550.88160.40-.001192          0 1 0          0 0 0 13  7  7       14  2 12      344233443231712211    81.0   75.0
 11 2092.664592 1.477E-27 7.212E-05.01720.265 1557.84360.44-.002985          0 1 0          0 0 0 11  5  7       12  0 12      474223443330712210    81.0   75.0
 11 2092.946092 1.257E-28 1.496E-02.06610.298 3162.25830.51-.009284          0 0 1          0 1 0 11  1 10       10  3  7      4442334432297122 8    81.0   75.0
 11 2092.988073 4.478E-25 7.672E-01.07030.368 2398.38160.85-.003419          0 0 1          0 1 0  6  4  2        6  4  3      576626445910162524    39.0   39.0
 11 2093.046853 6.511E-29 9.477E-04.05390.315 2690.59380.550.007233          0 2 0          0 1 0  9  5  5        9  2  8      4442334432287122 8    81.0   75.0
 11 2093.223710 1.149E-26 5.854E-03.08140.396 1922.82900.670.006590          0 2 0          0 1 0  6  4  2        5  1  5      574426303384672224    81.0   75.0
 11 2093.316290 5.525E-24 9.645E-01.10140.494 1731.89670.79-.006209          0 0 1          0 1 0  2  0  2        3  0  3      585820305967162423    15.0   21.0
 11 2093.401752 3.184E-28 8.774E-02.09520.456 3316.14520.72-.002278          1 1 0          0 2 0  3  1  2        2  2  1      4742234433257122 7    81.0   75.0
 11 2093.409500 1.042E-24 1.035E+00.06300.354 2251.86230.590.000360          0 0 1          0 1 0  5  4  2        5  4  1      584720305967162423    33.0   33.0
 11 2093.515620 4.790E-26 4.918E-01.08630.445 2595.81270.570.000060          1 0 0          0 1 0  8  3  5        8  2  6      444426445984672224    17.0   17.0
 11 2093.545204 3.861E-27 1.630E+00.09390.434 3334.62650.71-.000379          0 1 1          0 2 0  2  1  1        3  1  2      4742234433257122 7    81.0   75.0
 11 2093.642700 5.840E-26 5.980E-01.07120.391 2569.50790.61-.002869          0 0 1          0 1 0  7  4  3        7  4  4      554426305984672224    15.0   15.0
 11 2093.821645 3.174E-28 1.411E+00.06360.371 4015.51460.63-.003832          0 1 1          0 2 0  6  4  2        6  4  3      4742234433257122 7    81.0   75.0
 11 2093.863870 3.590E-25 1.070E+00.06750.381 2251.69530.67-.003819          0 0 1          0 1 0  5  4  1        5  4  2      566526305910162524    11.0   11.0
 11 2093.976596 7.531E-28 1.941E+00.06470.391 3868.98680.67-.004114          0 1 1          0 2 0  5  4  2        5  4  1      4742234433257122 7    81.0   75.0
 11 2094.092940 1.648E-24 8.962E-01.09370.512 1739.48370.74-.005519          0 0 1          0 1 0  2  1  2        3  1  3      588721305910162545     5.0    7.0
 11 2094.311563 2.505E-28 1.937E+00.06440.391 3868.87280.67-.005938          0 1 1          0 2 0  5  4  1        5  4  2      4442334432257122 7    81.0   75.0
 11 2094.664872 4.048E-29 1.075E+00.06790.352 4186.56880.61-.001615          0 1 1          0 2 0  7  4  3        7  4  4      4442334432257122 7    81.0   75.0
 11 2094.879840 6.172E-29 1.552E-01.03090.298 3770.72410.51-.011333          1 0 0          0 1 0 10  8  2       10  7  3      3442334432297122 9    81.0   75.0
 11 2094.892801 1.852E-28 1.552E-01.03080.298 3770.71070.51-.011210          1 0 0          0 1 0 10  8  3       10  7  4      4442334432297122 9    81.0   75.0
 11 2095.007870 3.168E-25 4.785E-04.06700.324 1006.11570.570.001490          0 1 0          0 0 0  8  6  3        8  3  6      566626305910162224    51.0   51.0
 11 2095.056930 1.501E-24 4.410E-01.09240.467 2000.86290.850.003600          1 0 0          0 1 0  5  2  3        5  1  4      587721305910162545    33.0   33.0
 11 2095.198240 7.357E-25 1.482E+00.06150.319 2129.61850.73-.003079          0 0 1          0 1 0  4  4  1        4  4  0      577621305910162545     9.0    9.0
 11 2095.227316 5.472E-28 2.859E+00.06040.412 3746.77450.69-.007011          0 1 1          0 2 0  4  4  1        4  4  0      4742234433257122 7    81.0   75.0
 11 2095.251800 2.221E-24 1.491E+00.06300.325 2129.59910.72-.001979          0 0 1          0 1 0  4  4  0        4  4  1      588821305910162545    27.0   27.0
 11 2095.265514 1.642E-27 2.859E+00.05970.412 3746.76260.69-.004690          0 1 1          0 2 0  4  4  0        4  4  1      4742234433257122 7    81.0   75.0
 11 2095.495940 3.035E-24 3.792E-01.09790.497 1731.89670.860.000380          1 0 0          0 1 0  3  1  2        3  0  3      588626305910662524    21.0   21.0
 11 2095.497958 3.417E-27 4.363E-03.08010.436 2392.59240.61-.004539          0 0 1          0 1 0  8  0  8        7  2  5      474426443384672224    81.0   75.0
 11 2095.871789 2.008E-28 5.162E-01.06020.250 4052.80980.410.002064          1 0 0          0 1 0 13  4  9       13  3 10      4442334432297122 9    81.0   75.0
 11 2096.023568 2.037E-29 2.417E-01.04180.265 4125.59810.44-.017999          1 0 0          0 1 0 12  7  5       12  6  6      4442334432297122 9    81.0   75.0
 11 2096.319460 7.137E-25 3.113E-01.09320.449 1693.64990.55-.001399          1 0 0          0 1 0  2  2  0        2  1  1      587726305910162524     5.0    5.0
 11 2096.329089 8.546E-29 5.972E-04.08170.333 2490.35400.57-.001914          0 0 1          0 1 0  7  3  4        8  1  7      4442334432287122 8    81.0   75.0
 11 2096.895531 2.719E-28 8.407E-05.04630.281 2144.03130.47-.011030          0 1 0          0 0 0 10  9  2       11  6  5      574223443331712211    81.0   75.0
 11 2097.020670 1.089E-25 2.262E-01.08950.440 2211.19050.63-.001509          1 0 0          0 1 0  6  3  3        6  2  4      564426305984672224    13.0   13.0
 11 2097.105781 6.920E-26 5.400E-01.07400.406 2764.69730.57-.003009          0 0 1          0 1 0  8  4  4        8  4  5      444426445984672224    51.0   51.0
 11 2097.122977 9.428E-29 1.658E-01.06310.349 3879.33590.610.007100          0 3 0          0 2 0  8  4  5        7  1  6      444436443284672224    81.0   75.0
 11 2097.316188 8.233E-29 9.205E-05.08170.352 2309.73000.610.003753          0 2 0          0 1 0  6  6  1        7  1  6      544233443228712210    81.0   75.0
 11 2097.339252 9.210E-26 3.625E+00.04630.300 3141.04570.55-.006229          0 2 0          0 1 0 10  6  5        9  5  4      454426445984672224    63.0   57.0
 11 2097.367100 5.184E-23 5.893E-02.06360.326  744.06370.660.004080          0 1 0          0 0 0  9  3  7        8  0  8      684320595967662423    19.0   17.0
 11 2097.506330 2.498E-29 6.508E-01.08360.371 4408.02880.630.000894          0 3 0          0 0 1  7  7  0        6  3  3      344233443230712210    81.0   75.0
 11 2097.670358 1.388E-27 2.836E-01.07470.298 3253.73730.51-.007198          1 0 0          0 1 0 10  5  5       10  4  6      4742234433297122 8    81.0   75.0
 11 2097.745667 5.680E-28 2.506E-02.04610.221 3244.59930.370.007208          0 1 0          0 0 0 15  7  8       15  4 11      474223443331712211    81.0   75.0
 11 2097.758663 3.809E-28 1.080E-01.03380.315 3526.62790.55-.012713          1 0 0          0 1 0  9  8  1        9  7  2      4742234433287122 8    81.0   75.0
 11 2097.760559 1.275E-28 1.085E-01.03150.315 3526.62670.55-.013273          1 0 0          0 1 0  9  8  2        9  7  3      4442334432297122 9    81.0   75.0
 11 2097.943910 2.641E-26 3.097E+00.04280.281 3139.47550.55-.004029          0 2 0          0 1 0 10  6  4        9  5  5      464426443384672224    81.0   75.0
 11 2098.145984 5.860E-29 2.297E-01.03530.265 4123.28420.44-.014576          1 0 0          0 1 0 12  7  6       12  6  7      4442334432297122 9    81.0   75.0
 11 2098.156784 4.230E-29 8.563E-01.07030.333 4381.73540.570.000575          0 1 1          0 2 0  8  4  4        8  4  5      4442334432257122 7    81.0   75.0
 11 2098.248890 1.717E-26 2.549E-01.08330.399 2670.78950.57-.003409          1 0 0          0 1 0  8  4  4        8  3  5      564426303384672224    81.0   75.0
 11 2098.298668 6.373E-28 7.132E-04.08440.352 2309.73010.610.000839          0 0 1          0 1 0  6  3  3        7  1  6      4342234433257122 7    81.0   75.0
 11 2098.344630 9.908E-29 9.139E-05.04500.281 2142.59670.47-.008523          0 1 0          0 0 0 10  9  1       11  6  6      544233443231712211    81.0   75.0
 11 2098.375848 6.388E-29 4.976E+00.02470.153 4407.15770.630.000190          0 3 0          0 2 0  7  7  1        6  6  0      344436443284672224    81.0   75.0
 11 2098.488810 1.678E-28 4.355E+00.02470.153 4407.04640.630.000190          0 3 0          0 2 0  7  7  0        6  6  1      344436443284672224    81.0   75.0
 11 2098.547190 8.280E-25 3.729E-01.09550.487 1594.74630.740.002190          1 0 0          0 1 0  1  1  1        0  0  0      567626305910162224     3.0    1.0
 11 2098.777284 4.513E-28 7.559E-04.08050.352 2392.59240.61-.000778          0 0 1          0 1 0  6  4  2        7  2  5      5742234433287122 8    81.0   75.0
 11 2098.836993 9.740E-27 8.232E-03.08440.431 2251.86230.67-.006909          0 0 1          0 1 0  6  2  4        5  4  1      474426443384672224    81.0   75.0
 11 2099.476863 4.800E-26 1.263E-01.05230.311 2337.46310.570.001330          0 2 0          0 1 0  9  3  7        8  0  8      454426445984672224    19.0   17.0
 11 2099.836574 5.710E-26 5.189E-01.07970.430 2818.39770.550.000210          1 0 0          0 1 0  9  3  6        9  2  7      464426445984672224    57.0   57.0
 11 2099.969410 1.457E-24 5.568E-01.08690.421 2053.96860.81-.002289          1 0 0          0 1 0  5  3  2        5  2  3      588521305910662545    33.0   33.0
