0.3000  
4.0000
Asphalt                             
0.3000  0.0590
0.3005  0.0593
0.3010  0.0596
0.3015  0.0598
0.3020  0.0600
0.3025  0.0601
0.3030  0.0601
0.3035  0.0600
0.3040  0.0600
0.3045  0.0600
0.3050  0.0600
0.3055  0.0600
0.3060  0.0600
0.3065  0.0600
0.3070  0.0600
0.3075  0.0600
0.3080  0.0600
0.3085  0.0600
0.3090  0.0600
0.3095  0.0600
0.3100  0.0600
0.3105  0.0599
0.3110  0.0599
0.3115  0.0599
0.3120  0.0600
0.3125  0.0602
0.3130  0.0605
0.3135  0.0608
0.3140  0.0610
0.3145  0.0611
0.3150  0.0611
0.3155  0.0610
0.3160  0.0610
0.3165  0.0610
0.3170  0.0610
0.3175  0.0610
0.3180  0.0610
0.3185  0.0610
0.3190  0.0610
0.3195  0.0610
0.3200  0.0610
0.3205  0.0610
0.3210  0.0610
0.3215  0.0610
0.3220  0.0610
0.3225  0.0610
0.3230  0.0610
0.3235  0.0610
0.3240  0.0610
0.3245  0.0610
0.3250  0.0610
0.3255  0.0610
0.3260  0.0610
0.3265  0.0609
0.3270  0.0609
0.3275  0.0609
0.3280  0.0610
0.3285  0.0612
0.3290  0.0615
0.3295  0.0618
0.3300  0.0620
0.3305  0.0621
0.3310  0.0621
0.3315  0.0620
0.3320  0.0620
0.3325  0.0620
0.3330  0.0620
0.3335  0.0620
0.3340  0.0620
0.3345  0.0620
0.3350  0.0620
0.3355  0.0620
0.3360  0.0620
0.3365  0.0620
0.3370  0.0620
0.3375  0.0620
0.3380  0.0620
0.3385  0.0620
0.3390  0.0620
0.3395  0.0620
0.3400  0.0620
0.3405  0.0619
0.3410  0.0619
0.3415  0.0619
0.3420  0.0620
0.3425  0.0622
0.3430  0.0625
0.3435  0.0628
0.3440  0.0630
0.3445  0.0631
0.3450  0.0631
0.3455  0.0630
0.3460  0.0630
0.3465  0.0630
0.3470  0.0630
0.3475  0.0630
0.3480  0.0630
0.3485  0.0630
0.3490  0.0630
0.3495  0.0630
0.3500  0.0630
0.3505  0.0630
0.3510  0.0630
0.3515  0.0630
0.3520  0.0630
0.3525  0.0630
0.3530  0.0630
0.3535  0.0630
0.3540  0.0630
0.3545  0.0630
0.3550  0.0630
0.3555  0.0630
0.3560  0.0630
0.3565  0.0629
0.3570  0.0629
0.3575  0.0629
0.3580  0.0630
0.3585  0.0632
0.3590  0.0635
0.3595  0.0638
0.3600  0.0640
0.3605  0.0641
0.3610  0.0641
0.3615  0.0640
0.3620  0.0640
0.3625  0.0640
0.3630  0.0640
0.3635  0.0640
0.3640  0.0640
0.3645  0.0640
0.3650  0.0640
0.3655  0.0640
0.3660  0.0640
0.3665  0.0640
0.3670  0.0640
0.3675  0.0640
0.3680  0.0640
0.3685  0.0640
0.3690  0.0640
0.3695  0.0640
0.3700  0.0640
0.3705  0.0639
0.3710  0.0639
0.3715  0.0639
0.3720  0.0640
0.3725  0.0642
0.3730  0.0645
0.3735  0.0648
0.3740  0.0650
0.3745  0.0651
0.3750  0.0651
0.3755  0.0650
0.3760  0.0650
0.3765  0.0650
0.3770  0.0650
0.3775  0.0650
0.3780  0.0650
0.3785  0.0650
0.3790  0.0650
0.3795  0.0650
0.3800  0.0650
0.3805  0.0650
0.3810  0.0650
0.3815  0.0650
0.3820  0.0650
0.3825  0.0649
0.3830  0.0649
0.3835  0.0649
0.3840  0.0650
0.3845  0.0652
0.3850  0.0655
0.3855  0.0658
0.3860  0.0660
0.3865  0.0661
0.3870  0.0661
0.3875  0.0660
0.3880  0.0660
0.3885  0.0660
0.3890  0.0660
0.3895  0.0660
0.3900  0.0660
0.3905  0.0660
0.3910  0.0660
0.3915  0.0660
0.3920  0.0660
0.3925  0.0660
0.3930  0.0660
0.3935  0.0660
0.3940  0.0660
0.3945  0.0659
0.3950  0.0659
0.3955  0.0659
0.3960  0.0660
0.3965  0.0662
0.3970  0.0665
0.3975  0.0668
0.3980  0.0670
0.3985  0.0671
0.3990  0.0671
0.3995  0.0670
0.4000  0.0670
0.4010  0.0670
0.4020  0.0670
0.4030  0.0670
0.4040  0.0670
0.4050  0.0670
0.4060  0.0670
0.4070  0.0670
0.4080  0.0670
0.4090  0.0669
0.4100  0.0670
0.4110  0.0675
0.4120  0.0680
0.4130  0.0681
0.4140  0.0680
0.4150  0.0680
0.4160  0.0680
0.4170  0.0680
0.4180  0.0680
0.4190  0.0680
0.4200  0.0680
0.4210  0.0680
0.4220  0.0680
0.4230  0.0679
0.4240  0.0680
0.4250  0.0685
0.4260  0.0690
0.4270  0.0691
0.4280  0.0690
0.4290  0.0690
0.4300  0.0690
0.4310  0.0690
0.4320  0.0690
0.4330  0.0690
0.4340  0.0690
0.4350  0.0689
0.4360  0.0690
0.4370  0.0695
0.4380  0.0700
0.4390  0.0701
0.4400  0.0700
0.4410  0.0700
0.4420  0.0700
0.4430  0.0700
0.4440  0.0700
0.4450  0.0700
0.4460  0.0700
0.4470  0.0700
0.4480  0.0700
0.4490  0.0700
0.4500  0.0700
0.4510  0.0699
0.4520  0.0700
0.4530  0.0705
0.4540  0.0710
0.4550  0.0711
0.4560  0.0710
0.4570  0.0710
0.4580  0.0710
0.4590  0.0710
0.4600  0.0710
0.4610  0.0710
0.4620  0.0710
0.4630  0.0710
0.4640  0.0710
0.4650  0.0710
0.4660  0.0710
0.4670  0.0709
0.4680  0.0710
0.4690  0.0715
0.4700  0.0720
0.4710  0.0721
0.4720  0.0720
0.4730  0.0720
0.4740  0.0720
0.4750  0.0720
0.4760  0.0720
0.4770  0.0720
0.4780  0.0720
0.4790  0.0720
0.4800  0.0720
0.4810  0.0720
0.4820  0.0720
0.4830  0.0720
0.4840  0.0720
0.4850  0.0720
0.4860  0.0720
0.4870  0.0720
0.4880  0.0720
0.4890  0.0720
0.4900  0.0720
0.4910  0.0719
0.4920  0.0720
0.4930  0.0725
0.4940  0.0730
0.4950  0.0731
0.4960  0.0730
0.4970  0.0730
0.4980  0.0730
0.4990  0.0730
0.5000  0.0730
0.5010  0.0730
0.5020  0.0730
0.5030  0.0729
0.5040  0.0730
0.5050  0.0735
0.5060  0.0740
0.5070  0.0741
0.5080  0.0740
0.5090  0.0740
0.5100  0.0740
0.5110  0.0740
0.5120  0.0740
0.5130  0.0740
0.5140  0.0740
0.5150  0.0740
0.5160  0.0740
0.5170  0.0740
0.5180  0.0740
0.5190  0.0740
0.5200  0.0740
0.5210  0.0740
0.5220  0.0740
0.5230  0.0739
0.5240  0.0740
0.5250  0.0745
0.5260  0.0750
0.5270  0.0751
0.5280  0.0750
0.5290  0.0750
0.5300  0.0750
0.5310  0.0750
0.5320  0.0750
0.5330  0.0750
0.5340  0.0750
0.5350  0.0750
0.5360  0.0750
0.5370  0.0750
0.5380  0.0750
0.5390  0.0750
0.5400  0.0750
0.5410  0.0749
0.5420  0.0750
0.5430  0.0755
0.5440  0.0760
0.5450  0.0761
0.5460  0.0760
0.5470  0.0760
0.5480  0.0760
0.5490  0.0760
0.5500  0.0760
0.5510  0.0760
0.5520  0.0760
0.5530  0.0760
0.5540  0.0760
0.5550  0.0760
0.5560  0.0760
0.5570  0.0760
0.5580  0.0760
0.5590  0.0760
0.5600  0.0760
0.5610  0.0760
0.5620  0.0760
0.5630  0.0759
0.5640  0.0760
0.5650  0.0765
0.5660  0.0770
0.5670  0.0771
0.5680  0.0770
0.5690  0.0770
0.5700  0.0770
0.5710  0.0770
0.5720  0.0770
0.5730  0.0770
0.5740  0.0770
0.5750  0.0770
0.5760  0.0770
0.5770  0.0770
0.5780  0.0770
0.5790  0.0770
0.5800  0.0770
0.5810  0.0770
0.5820  0.0770
0.5830  0.0770
0.5840  0.0770
0.5850  0.0770
0.5860  0.0770
0.5870  0.0770
0.5880  0.0770
0.5890  0.0769
0.5900  0.0770
0.5910  0.0775
0.5920  0.0780
0.5930  0.0781
0.5940  0.0780
0.5950  0.0780
0.5960  0.0780
0.5970  0.0780
0.5980  0.0780
0.5990  0.0780
0.6000  0.0780
0.6010  0.0780
0.6020  0.0780
0.6030  0.0780
0.6040  0.0780
0.6050  0.0780
0.6060  0.0780
0.6070  0.0780
0.6080  0.0780
0.6090  0.0780
0.6100  0.0780
0.6110  0.0780
0.6120  0.0780
0.6130  0.0780
0.6140  0.0780
0.6150  0.0780
0.6160  0.0780
0.6170  0.0780
0.6180  0.0780
0.6190  0.0780
0.6200  0.0780
0.6210  0.0779
0.6220  0.0780
0.6230  0.0785
0.6240  0.0790
0.6250  0.0791
0.6260  0.0790
0.6270  0.0790
0.6280  0.0790
0.6290  0.0790
0.6300  0.0790
0.6310  0.0790
0.6320  0.0790
0.6330  0.0790
0.6340  0.0790
0.6350  0.0790
0.6360  0.0790
0.6370  0.0790
0.6380  0.0790
0.6390  0.0790
0.6400  0.0790
0.6410  0.0790
0.6420  0.0790
0.6430  0.0790
0.6440  0.0790
0.6450  0.0790
0.6460  0.0790
0.6470  0.0790
0.6480  0.0790
0.6490  0.0790
0.6500  0.0790
0.6510  0.0790
0.6520  0.0790
0.6530  0.0790
0.6540  0.0790
0.6550  0.0790
0.6560  0.0790
0.6570  0.0789
0.6580  0.0790
0.6590  0.0795
0.6600  0.0800
0.6610  0.0801
0.6620  0.0800
0.6630  0.0800
0.6640  0.0800
0.6650  0.0800
0.6660  0.0800
0.6670  0.0800
0.6680  0.0800
0.6690  0.0800
0.6700  0.0800
0.6710  0.0800
0.6720  0.0800
0.6730  0.0800
0.6740  0.0800
0.6750  0.0800
0.6760  0.0800
0.6770  0.0800
0.6780  0.0800
0.6790  0.0800
0.6800  0.0800
0.6810  0.0800
0.6820  0.0800
0.6830  0.0800
0.6840  0.0800
0.6850  0.0800
0.6860  0.0800
0.6870  0.0800
0.6880  0.0800
0.6890  0.0800
0.6900  0.0800
0.6910  0.0800
0.6920  0.0800
0.6930  0.0800
0.6940  0.0800
0.6950  0.0800
0.6960  0.0800
0.6970  0.0799
0.6980  0.0800
0.6990  0.0805
0.7000  0.0810
0.7010  0.0811
0.7020  0.0810
0.7030  0.0810
0.7040  0.0810
0.7050  0.0810
0.7060  0.0810
0.7070  0.0810
0.7080  0.0810
0.7090  0.0810
0.7100  0.0810
0.7110  0.0810
0.7120  0.0810
0.7130  0.0810
0.7140  0.0810
0.7150  0.0810
0.7160  0.0810
0.7170  0.0810
0.7180  0.0810
0.7190  0.0810
0.7200  0.0810
0.7210  0.0810
0.7220  0.0810
0.7230  0.0810
0.7240  0.0810
0.7250  0.0810
0.7260  0.0810
0.7270  0.0810
0.7280  0.0810
0.7290  0.0810
0.7300  0.0810
0.7310  0.0810
0.7320  0.0810
0.7330  0.0810
0.7340  0.0810
0.7350  0.0810
0.7360  0.0810
0.7370  0.0810
0.7380  0.0810
0.7390  0.0809
0.7400  0.0810
0.7410  0.0815
0.7420  0.0820
0.7430  0.0821
0.7440  0.0820
0.7450  0.0820
0.7460  0.0820
0.7470  0.0820
0.7480  0.0820
0.7490  0.0820
0.7500  0.0820
0.7510  0.0820
0.7520  0.0820
0.7530  0.0820
0.7540  0.0820
0.7550  0.0820
0.7560  0.0820
0.7570  0.0820
0.7580  0.0820
0.7590  0.0820
0.7600  0.0820
0.7610  0.0820
0.7620  0.0820
0.7630  0.0820
0.7640  0.0820
0.7650  0.0820
0.7660  0.0820
0.7670  0.0820
0.7680  0.0820
0.7690  0.0820
0.7700  0.0820
0.7710  0.0820
0.7720  0.0820
0.7730  0.0820
0.7740  0.0820
0.7750  0.0820
0.7760  0.0820
0.7770  0.0820
0.7780  0.0820
0.7790  0.0820
0.7800  0.0820
0.7810  0.0820
0.7820  0.0820
0.7830  0.0820
0.7840  0.0820
0.7850  0.0820
0.7860  0.0820
0.7870  0.0820
0.7880  0.0820
0.7890  0.0820
0.7900  0.0820
0.7910  0.0820
0.7920  0.0820
0.7930  0.0820
0.7940  0.0820
0.7950  0.0820
0.7960  0.0820
0.7970  0.0820
0.7980  0.0820
0.7990  0.0820
0.8000  0.0820
0.8010  0.0820
0.8020  0.0821
0.8030  0.0821
0.8040  0.0821
0.8050  0.0822
0.8060  0.0822
0.8070  0.0823
0.8080  0.0823
0.8090  0.0824
0.8100  0.0825
0.8110  0.0825
0.8120  0.0826
0.8130  0.0826
0.8140  0.0827
0.8150  0.0828
0.8160  0.0828
0.8170  0.0829
0.8180  0.0829
0.8190  0.0830
0.8200  0.0830
0.8210  0.0830
0.8220  0.0831
0.8230  0.0831
0.8240  0.0831
0.8250  0.0831
0.8260  0.0831
0.8270  0.0831
0.8280  0.0831
0.8290  0.0831
0.8300  0.0831
0.8310  0.0831
0.8320  0.0831
0.8330  0.0831
0.8340  0.0831
0.8350  0.0831
0.8360  0.0830
0.8370  0.0830
0.8380  0.0830
0.8390  0.0830
0.8400  0.0830
0.8410  0.0830
0.8420  0.0829
0.8430  0.0829
0.8440  0.0829
0.8450  0.0829
0.8460  0.0828
0.8470  0.0828
0.8480  0.0828
0.8490  0.0828
0.8500  0.0828
0.8510  0.0828
0.8520  0.0828
0.8530  0.0828
0.8540  0.0828
0.8550  0.0828
0.8560  0.0828
0.8570  0.0829
0.8580  0.0829
0.8590  0.0830
0.8600  0.0830
0.8610  0.0831
0.8620  0.0832
0.8630  0.0832
0.8640  0.0833
0.8650  0.0834
0.8660  0.0835
0.8670  0.0836
0.8680  0.0837
0.8690  0.0838
0.8700  0.0840
0.8710  0.0841
0.8720  0.0842
0.8730  0.0843
0.8740  0.0844
0.8750  0.0845
0.8760  0.0846
0.8770  0.0847
0.8780  0.0848
0.8790  0.0849
0.8800  0.0850
0.8810  0.0851
0.8820  0.0852
0.8830  0.0853
0.8840  0.0853
0.8850  0.0854
0.8860  0.0855
0.8870  0.0855
0.8880  0.0856
0.8890  0.0856
0.8900  0.0857
0.8910  0.0857
0.8920  0.0858
0.8930  0.0858
0.8940  0.0859
0.8950  0.0859
0.8960  0.0859
0.8970  0.0859
0.8980  0.0860
0.8990  0.0860
0.9000  0.0860
0.9010  0.0860
0.9020  0.0860
0.9030  0.0861
0.9040  0.0861
0.9050  0.0861
0.9060  0.0861
0.9070  0.0861
0.9080  0.0861
0.9090  0.0861
0.9100  0.0861
0.9110  0.0861
0.9120  0.0861
0.9130  0.0861
0.9140  0.0861
0.9150  0.0861
0.9160  0.0861
0.9170  0.0861
0.9180  0.0861
0.9190  0.0860
0.9200  0.0860
0.9210  0.0860
0.9220  0.0859
0.9230  0.0859
0.9240  0.0859
0.9250  0.0858
0.9260  0.0858
0.9270  0.0857
0.9280  0.0857
0.9290  0.0856
0.9300  0.0856
0.9310  0.0855
0.9320  0.0855
0.9330  0.0854
0.9340  0.0853
0.9350  0.0853
0.9360  0.0852
0.9370  0.0852
0.9380  0.0851
0.9390  0.0851
0.9400  0.0850
0.9410  0.0849
0.9420  0.0849
0.9430  0.0848
0.9440  0.0847
0.9450  0.0847
0.9460  0.0846
0.9470  0.0846
0.9480  0.0845
0.9490  0.0844
0.9500  0.0844
0.9510  0.0843
0.9520  0.0843
0.9530  0.0842
0.9540  0.0842
0.9550  0.0842
0.9560  0.0841
0.9570  0.0841
0.9580  0.0841
0.9590  0.0840
0.9600  0.0840
0.9610  0.0840
0.9620  0.0840
0.9630  0.0840
0.9640  0.0839
0.9650  0.0839
0.9660  0.0839
0.9670  0.0839
0.9680  0.0839
0.9690  0.0839
0.9700  0.0839
0.9710  0.0839
0.9720  0.0839
0.9730  0.0839
0.9740  0.0840
0.9750  0.0840
0.9760  0.0840
0.9770  0.0840
0.9780  0.0840
0.9790  0.0840
0.9800  0.0840
0.9810  0.0840
0.9820  0.0840
0.9830  0.0840
0.9840  0.0840
0.9850  0.0840
0.9860  0.0840
0.9870  0.0840
0.9880  0.0840
0.9890  0.0840
0.9900  0.0840
0.9910  0.0840
0.9920  0.0840
0.9930  0.0840
0.9940  0.0840
0.9950  0.0840
0.9960  0.0840
0.9970  0.0840
0.9980  0.0840
0.9990  0.0840
1.0000  0.0840
1.0010  0.0840
1.0020  0.0840
1.0030  0.0840
1.0040  0.0840
1.0050  0.0840
1.0060  0.0840
1.0070  0.0840
1.0080  0.0840
1.0090  0.0840
1.0100  0.0840
1.0110  0.0840
1.0120  0.0840
1.0130  0.0840
1.0140  0.0840
1.0150  0.0840
1.0160  0.0840
1.0170  0.0840
1.0180  0.0840
1.0190  0.0840
1.0200  0.0840
1.0210  0.0840
1.0220  0.0840
1.0230  0.0840
1.0240  0.0840
1.0250  0.0840
1.0260  0.0840
1.0270  0.0840
1.0280  0.0840
1.0290  0.0840
1.0300  0.0840
1.0310  0.0840
1.0320  0.0840
1.0330  0.0840
1.0340  0.0840
1.0350  0.0840
1.0360  0.0840
1.0370  0.0840
1.0380  0.0840
1.0390  0.0840
1.0400  0.0840
1.0410  0.0840
1.0420  0.0840
1.0430  0.0840
1.0440  0.0840
1.0450  0.0840
1.0460  0.0840
1.0470  0.0840
1.0480  0.0840
1.0490  0.0840
1.0500  0.0840
1.0510  0.0840
1.0520  0.0840
1.0530  0.0840
1.0540  0.0840
1.0550  0.0840
1.0560  0.0840
1.0570  0.0840
1.0580  0.0840
1.0590  0.0840
1.0600  0.0840
1.0610  0.0840
1.0620  0.0840
1.0630  0.0840
1.0640  0.0840
1.0650  0.0840
1.0660  0.0840
1.0670  0.0840
1.0680  0.0840
1.0690  0.0840
1.0700  0.0840
1.0710  0.0840
1.0720  0.0840
1.0730  0.0840
1.0740  0.0840
1.0750  0.0840
1.0760  0.0840
1.0770  0.0840
1.0780  0.0840
1.0790  0.0840
1.0800  0.0840
1.0810  0.0840
1.0820  0.0840
1.0830  0.0840
1.0840  0.0840
1.0850  0.0840
1.0860  0.0840
1.0870  0.0840
1.0880  0.0840
1.0890  0.0840
1.0900  0.0840
1.0910  0.0840
1.0920  0.0840
1.0930  0.0840
1.0940  0.0840
1.0950  0.0840
1.0960  0.0840
1.0970  0.0840
1.0980  0.0840
1.0990  0.0840
1.1000  0.0840
1.1010  0.0840
1.1020  0.0840
1.1030  0.0840
1.1040  0.0840
1.1050  0.0840
1.1060  0.0840
1.1070  0.0840
1.1080  0.0840
1.1090  0.0840
1.1100  0.0840
1.1110  0.0840
1.1120  0.0840
1.1130  0.0840
1.1140  0.0840
1.1150  0.0840
1.1160  0.0840
1.1170  0.0840
1.1180  0.0840
1.1190  0.0840
1.1200  0.0840
1.1210  0.0840
1.1220  0.0840
1.1230  0.0840
1.1240  0.0840
1.1250  0.0840
1.1260  0.0840
1.1270  0.0840
1.1280  0.0840
1.1290  0.0840
1.1300  0.0840
1.1310  0.0840
1.1320  0.0840
1.1330  0.0840
1.1340  0.0840
1.1350  0.0840
1.1360  0.0840
1.1370  0.0840
1.1380  0.0840
1.1390  0.0840
1.1400  0.0840
1.1410  0.0840
1.1420  0.0840
1.1430  0.0840
1.1440  0.0840
1.1450  0.0839
1.1460  0.0839
1.1470  0.0839
1.1480  0.0839
1.1490  0.0839
1.1500  0.0839
1.1510  0.0839
1.1520  0.0839
1.1530  0.0839
1.1540  0.0839
1.1550  0.0839
1.1560  0.0839
1.1570  0.0839
1.1580  0.0840
1.1590  0.0840
1.1600  0.0840
1.1610  0.0841
1.1620  0.0841
1.1630  0.0842
1.1640  0.0842
1.1650  0.0843
1.1660  0.0844
1.1670  0.0844
1.1680  0.0845
1.1690  0.0846
1.1700  0.0846
1.1710  0.0847
1.1720  0.0847
1.1730  0.0848
1.1740  0.0848
1.1750  0.0849
1.1760  0.0849
1.1770  0.0849
1.1780  0.0850
1.1790  0.0850
1.1800  0.0850
1.1810  0.0850
1.1820  0.0850
1.1830  0.0849
1.1840  0.0849
1.1850  0.0848
1.1860  0.0848
1.1870  0.0847
1.1880  0.0847
1.1890  0.0846
1.1900  0.0846
1.1910  0.0845
1.1920  0.0844
1.1930  0.0844
1.1940  0.0843
1.1950  0.0843
1.1960  0.0842
1.1970  0.0841
1.1980  0.0841
1.1990  0.0840
1.2000  0.0840
1.2010  0.0840
1.2020  0.0839
1.2030  0.0839
1.2040  0.0839
1.2050  0.0839
1.2060  0.0839
1.2070  0.0839
1.2080  0.0839
1.2090  0.0839
1.2100  0.0839
1.2110  0.0839
1.2120  0.0839
1.2130  0.0839
1.2140  0.0839
1.2150  0.0839
1.2160  0.0840
1.2170  0.0840
1.2180  0.0840
1.2190  0.0840
1.2200  0.0840
1.2210  0.0840
1.2220  0.0840
1.2230  0.0840
1.2240  0.0840
1.2250  0.0840
1.2260  0.0840
1.2270  0.0840
1.2280  0.0840
1.2290  0.0840
1.2300  0.0840
1.2310  0.0840
1.2320  0.0840
1.2330  0.0840
1.2340  0.0840
1.2350  0.0840
1.2360  0.0840
1.2370  0.0840
1.2380  0.0840
1.2390  0.0840
1.2400  0.0840
1.2410  0.0840
1.2420  0.0840
1.2430  0.0840
1.2440  0.0840
1.2450  0.0840
1.2460  0.0840
1.2470  0.0840
1.2480  0.0840
1.2490  0.0840
1.2500  0.0840
1.2510  0.0840
1.2520  0.0840
1.2530  0.0840
1.2540  0.0840
1.2550  0.0840
1.2560  0.0840
1.2570  0.0840
1.2580  0.0840
1.2590  0.0840
1.2600  0.0840
1.2610  0.0840
1.2620  0.0840
1.2630  0.0840
1.2640  0.0840
1.2650  0.0840
1.2660  0.0840
1.2670  0.0840
1.2680  0.0840
1.2690  0.0840
1.2700  0.0840
1.2710  0.0840
1.2720  0.0840
1.2730  0.0840
1.2740  0.0840
1.2750  0.0840
1.2760  0.0840
1.2770  0.0840
1.2780  0.0840
1.2790  0.0840
1.2800  0.0840
1.2810  0.0840
1.2820  0.0840
1.2830  0.0840
1.2840  0.0840
1.2850  0.0840
1.2860  0.0840
1.2870  0.0840
1.2880  0.0840
1.2890  0.0840
1.2900  0.0840
1.2910  0.0840
1.2920  0.0840
1.2930  0.0840
1.2940  0.0840
1.2950  0.0840
1.2960  0.0840
1.2970  0.0840
1.2980  0.0840
1.2990  0.0840
1.3000  0.0840
1.3010  0.0840
1.3020  0.0840
1.3030  0.0840
1.3040  0.0840
1.3050  0.0840
1.3060  0.0840
1.3070  0.0840
1.3080  0.0840
1.3090  0.0840
1.3100  0.0840
1.3110  0.0840
1.3120  0.0840
1.3130  0.0840
1.3140  0.0840
1.3150  0.0840
1.3160  0.0840
1.3170  0.0840
1.3180  0.0840
1.3190  0.0840
1.3200  0.0840
1.3210  0.0840
1.3220  0.0840
1.3230  0.0840
1.3240  0.0840
1.3250  0.0840
1.3260  0.0840
1.3270  0.0840
1.3280  0.0840
1.3290  0.0840
1.3300  0.0840
1.3310  0.0840
1.3320  0.0840
1.3330  0.0840
1.3340  0.0840
1.3350  0.0840
1.3360  0.0840
1.3370  0.0840
1.3380  0.0840
1.3390  0.0840
1.3400  0.0840
1.3410  0.0840
1.3420  0.0840
1.3430  0.0840
1.3440  0.0840
1.3450  0.0840
1.3460  0.0840
1.3470  0.0840
1.3480  0.0840
1.3490  0.0840
1.3500  0.0840
1.3510  0.0840
1.3520  0.0840
1.3530  0.0840
1.3540  0.0840
1.3550  0.0840
1.3560  0.0840
1.3570  0.0840
1.3580  0.0840
1.3590  0.0840
1.3600  0.0840
1.3610  0.0840
1.3620  0.0840
1.3630  0.0840
1.3640  0.0840
1.3650  0.0840
1.3660  0.0840
1.3670  0.0840
1.3680  0.0840
1.3690  0.0840
1.3700  0.0840
1.3710  0.0840
1.3720  0.0840
1.3730  0.0840
1.3740  0.0840
1.3750  0.0840
1.3760  0.0840
1.3770  0.0840
1.3780  0.0840
1.3790  0.0840
1.3800  0.0840
1.3810  0.0840
1.3820  0.0840
1.3830  0.0840
1.3840  0.0840
1.3850  0.0840
1.3860  0.0840
1.3870  0.0840
1.3880  0.0840
1.3890  0.0840
1.3900  0.0840
1.3910  0.0840
1.3920  0.0840
1.3930  0.0840
1.3940  0.0840
1.3950  0.0840
1.3960  0.0840
1.3970  0.0840
1.3980  0.0840
1.3990  0.0840
1.4000  0.0840
1.4010  0.0840
1.4020  0.0840
1.4030  0.0840
1.4040  0.0840
1.4050  0.0840
1.4060  0.0840
1.4070  0.0840
1.4080  0.0840
1.4090  0.0840
1.4100  0.0840
1.4110  0.0840
1.4120  0.0840
1.4130  0.0840
1.4140  0.0840
1.4150  0.0840
1.4160  0.0840
1.4170  0.0840
1.4180  0.0840
1.4190  0.0840
1.4200  0.0840
1.4210  0.0840
1.4220  0.0840
1.4230  0.0840
1.4240  0.0840
1.4250  0.0840
1.4260  0.0840
1.4270  0.0840
1.4280  0.0840
1.4290  0.0840
1.4300  0.0840
1.4310  0.0840
1.4320  0.0840
1.4330  0.0840
1.4340  0.0840
1.4350  0.0840
1.4360  0.0840
1.4370  0.0840
1.4380  0.0840
1.4390  0.0840
1.4400  0.0840
1.4410  0.0840
1.4420  0.0840
1.4430  0.0840
1.4440  0.0840
1.4450  0.0840
1.4460  0.0840
1.4470  0.0840
1.4480  0.0840
1.4490  0.0840
1.4500  0.0840
1.4510  0.0840
1.4520  0.0840
1.4530  0.0840
1.4540  0.0840
1.4550  0.0840
1.4560  0.0840
1.4570  0.0840
1.4580  0.0840
1.4590  0.0840
1.4600  0.0840
1.4610  0.0840
1.4620  0.0840
1.4630  0.0840
1.4640  0.0840
1.4650  0.0840
1.4660  0.0840
1.4670  0.0840
1.4680  0.0840
1.4690  0.0840
1.4700  0.0840
1.4710  0.0840
1.4720  0.0840
1.4730  0.0840
1.4740  0.0840
1.4750  0.0840
1.4760  0.0840
1.4770  0.0840
1.4780  0.0840
1.4790  0.0840
1.4800  0.0840
1.4810  0.0840
1.4820  0.0840
1.4830  0.0840
1.4840  0.0840
1.4850  0.0840
1.4860  0.0840
1.4870  0.0840
1.4880  0.0840
1.4890  0.0840
1.4900  0.0840
1.4910  0.0840
1.4920  0.0840
1.4930  0.0840
1.4940  0.0840
1.4950  0.0840
1.4960  0.0840
1.4970  0.0840
1.4980  0.0840
1.4990  0.0840
1.5000  0.0840
1.5010  0.0840
1.5020  0.0840
1.5030  0.0840
1.5040  0.0840
1.5050  0.0840
1.5060  0.0840
1.5070  0.0840
1.5080  0.0840
1.5090  0.0840
1.5100  0.0840
1.5110  0.0840
1.5120  0.0840
1.5130  0.0840
1.5140  0.0840
1.5150  0.0840
1.5160  0.0840
1.5170  0.0840
1.5180  0.0840
1.5190  0.0840
1.5200  0.0840
1.5210  0.0840
1.5220  0.0840
1.5230  0.0840
1.5240  0.0840
1.5250  0.0840
1.5260  0.0840
1.5270  0.0840
1.5280  0.0840
1.5290  0.0840
1.5300  0.0840
1.5310  0.0840
1.5320  0.0840
1.5330  0.0840
1.5340  0.0840
1.5350  0.0840
1.5360  0.0840
1.5370  0.0840
1.5380  0.0840
1.5390  0.0840
1.5400  0.0840
1.5410  0.0840
1.5420  0.0840
1.5430  0.0840
1.5440  0.0840
1.5450  0.0840
1.5460  0.0840
1.5470  0.0840
1.5480  0.0840
1.5490  0.0840
1.5500  0.0840
1.5510  0.0840
1.5520  0.0840
1.5530  0.0840
1.5540  0.0840
1.5550  0.0840
1.5560  0.0840
1.5570  0.0840
1.5580  0.0840
1.5590  0.0840
1.5600  0.0840
1.5610  0.0840
1.5620  0.0840
1.5630  0.0840
1.5640  0.0840
1.5650  0.0840
1.5660  0.0840
1.5670  0.0840
1.5680  0.0840
1.5690  0.0840
1.5700  0.0840
1.5710  0.0840
1.5720  0.0840
1.5730  0.0840
1.5740  0.0840
1.5750  0.0840
1.5760  0.0840
1.5770  0.0840
1.5780  0.0840
1.5790  0.0840
1.5800  0.0840
1.5810  0.0840
1.5820  0.0840
1.5830  0.0840
1.5840  0.0840
1.5850  0.0840
1.5860  0.0840
1.5870  0.0840
1.5880  0.0840
1.5890  0.0840
1.5900  0.0840
1.5910  0.0840
1.5920  0.0840
1.5930  0.0840
1.5940  0.0840
1.5950  0.0840
1.5960  0.0840
1.5970  0.0840
1.5980  0.0840
1.5990  0.0840
1.6000  0.0840
1.6010  0.0840
1.6020  0.0840
1.6030  0.0840
1.6040  0.0840
1.6050  0.0840
1.6060  0.0840
1.6070  0.0840
1.6080  0.0840
1.6090  0.0840
1.6100  0.0840
1.6110  0.0840
1.6120  0.0840
1.6130  0.0840
1.6140  0.0840
1.6150  0.0840
1.6160  0.0840
1.6170  0.0840
1.6180  0.0840
1.6190  0.0840
1.6200  0.0840
1.6210  0.0840
1.6220  0.0840
1.6230  0.0840
1.6240  0.0840
1.6250  0.0840
1.6260  0.0840
1.6270  0.0840
1.6280  0.0840
1.6290  0.0840
1.6300  0.0840
1.6310  0.0840
1.6320  0.0840
1.6330  0.0840
1.6340  0.0840
1.6350  0.0840
1.6360  0.0840
1.6370  0.0840
1.6380  0.0840
1.6390  0.0840
1.6400  0.0840
1.6410  0.0840
1.6420  0.0840
1.6430  0.0840
1.6440  0.0840
1.6450  0.0840
1.6460  0.0840
1.6470  0.0840
1.6480  0.0840
1.6490  0.0840
1.6500  0.0840
1.6510  0.0840
1.6520  0.0840
1.6530  0.0840
1.6540  0.0840
1.6550  0.0840
1.6560  0.0840
1.6570  0.0840
1.6580  0.0840
1.6590  0.0840
1.6600  0.0840
1.6610  0.0840
1.6620  0.0840
1.6630  0.0840
1.6640  0.0840
1.6650  0.0840
1.6660  0.0840
1.6670  0.0840
1.6680  0.0840
1.6690  0.0840
1.6700  0.0840
1.6710  0.0840
1.6720  0.0840
1.6730  0.0840
1.6740  0.0840
1.6750  0.0840
1.6760  0.0840
1.6770  0.0840
1.6780  0.0840
1.6790  0.0840
1.6800  0.0840
1.6810  0.0840
1.6820  0.0840
1.6830  0.0840
1.6840  0.0840
1.6850  0.0841
1.6860  0.0841
1.6870  0.0841
1.6880  0.0841
1.6890  0.0841
1.6900  0.0841
1.6910  0.0841
1.6920  0.0841
1.6930  0.0841
1.6940  0.0841
1.6950  0.0841
1.6960  0.0841
1.6970  0.0841
1.6980  0.0840
1.6990  0.0840
1.7000  0.0840
1.7020  0.0839
1.7050  0.0837
1.7100  0.0834
1.7150  0.0831
1.7200  0.0830
1.7250  0.0832
1.7300  0.0835
1.7350  0.0838
1.7400  0.0840
1.7450  0.0839
1.7500  0.0836
1.7550  0.0833
1.7600  0.0830
1.7650  0.0829
1.7700  0.0829
1.7750  0.0829
1.7800  0.0830
1.7850  0.0830
1.7900  0.0830
1.7950  0.0830
1.8000  0.0830
1.8050  0.0830
1.8100  0.0830
1.8150  0.0830
1.8200  0.0830
1.8250  0.0830
1.8300  0.0830
1.8350  0.0830
1.8400  0.0830
1.8450  0.0830
1.8500  0.0830
1.8550  0.0830
1.8600  0.0830
1.8650  0.0831
1.8700  0.0831
1.8750  0.0831
1.8800  0.0830
1.8850  0.0828
1.8900  0.0825
1.8950  0.0822
1.9000  0.0820
1.9050  0.0820
1.9100  0.0820
1.9150  0.0820
1.9200  0.0820
1.9250  0.0817
1.9300  0.0814
1.9350  0.0811
1.9400  0.0810
1.9450  0.0812
1.9500  0.0815
1.9550  0.0818
1.9600  0.0820
1.9650  0.0818
1.9700  0.0815
1.9750  0.0812
1.9800  0.0810
1.9850  0.0811
1.9900  0.0814
1.9950  0.0817
2.0000  0.0820
2.0050  0.0821
2.0100  0.0821
2.0150  0.0821
2.0200  0.0820
2.0250  0.0820
2.0300  0.0820
2.0350  0.0820
2.0400  0.0820
2.0450  0.0820
2.0500  0.0820
2.0550  0.0820
2.0600  0.0820
2.0650  0.0820
2.0700  0.0820
2.0750  0.0820
2.0800  0.0820
2.0850  0.0821
2.0900  0.0821
2.0950  0.0821
2.1000  0.0820
2.1050  0.0818
2.1100  0.0815
2.1150  0.0812
2.1200  0.0810
2.1250  0.0810
2.1300  0.0810
2.1350  0.0810
2.1400  0.0810
2.1450  0.0808
2.1500  0.0805
2.1550  0.0802
2.1600  0.0800
2.1650  0.0799
2.1700  0.0799
2.1750  0.0799
2.1800  0.0800
2.1850  0.0800
2.1900  0.0800
2.1950  0.0800
2.2000  0.0800
2.2050  0.0800
2.2100  0.0800
2.2150  0.0800
2.2200  0.0800
2.2250  0.0800
2.2300  0.0800
2.2350  0.0800
2.2400  0.0800
2.2450  0.0800
2.2500  0.0800
2.2550  0.0800
2.2600  0.0800
2.2650  0.0802
2.2700  0.0803
2.2750  0.0802
2.2800  0.0800
2.2850  0.0793
2.2900  0.0785
2.2950  0.0777
2.3000  0.0770
2.3050  0.0765
2.3100  0.0762
2.3150  0.0761
2.3200  0.0760
2.3250  0.0760
2.3300  0.0761
2.3350  0.0761
2.3400  0.0760
2.3450  0.0758
2.3500  0.0755
2.3550  0.0752
2.3600  0.0750
2.3650  0.0750
2.3700  0.0750
2.3750  0.0750
2.3800  0.0750
2.3850  0.0748
2.3900  0.0745
2.3950  0.0742
2.4000  0.0740
2.4050  0.0741
2.4100  0.0742
2.4150  0.0742
2.4200  0.0740
2.4250  0.0733
2.4300  0.0725
2.4350  0.0716
2.4400  0.0710
2.4450  0.0707
2.4500  0.0707
2.4550  0.0709
2.4600  0.0710
2.4650  0.0711
2.4700  0.0712
2.4750  0.0711
2.4800  0.0710
2.4850  0.0708
2.4900  0.0706
2.4950  0.0703
2.5000  0.0700
2.5050  0.0695
2.5100  0.0691
2.5150  0.0689
2.5200  0.0690
2.5250  0.0697
2.5300  0.0706
2.5350  0.0714
2.5400  0.0720
2.5450  0.0721
2.5500  0.0719
2.5550  0.0714
2.5600  0.0710
2.5650  0.0707
2.5700  0.0704
2.5750  0.0702
2.5800  0.0700
2.5850  0.0697
2.5900  0.0694
2.5950  0.0692
2.6000  0.0690
2.6050  0.0689
2.6100  0.0689
2.6150  0.0690
2.6200  0.0690
2.6250  0.0690
2.6300  0.0690
2.6350  0.0690
2.6400  0.0690
2.6450  0.0692
2.6500  0.0693
2.6550  0.0692
2.6600  0.0690
2.6650  0.0687
2.6700  0.0681
2.6750  0.0672
2.6800  0.0660
2.6850  0.0643
2.6900  0.0624
2.6950  0.0606
2.7000  0.0590
2.7050  0.0577
2.7100  0.0566
2.7150  0.0558
2.7200  0.0550
2.7250  0.0542
2.7300  0.0534
2.7350  0.0527
2.7400  0.0520
2.7450  0.0513
2.7500  0.0506
2.7550  0.0502
2.7600  0.0500
2.7650  0.0500
2.7700  0.0502
2.7750  0.0506
2.7800  0.0510
2.7850  0.0517
2.7900  0.0523
2.7950  0.0527
2.8000  0.0530
2.8050  0.0528
2.8100  0.0525
2.8150  0.0522
2.8200  0.0520
2.8250  0.0522
2.8300  0.0526
2.8350  0.0529
2.8400  0.0530
2.8450  0.0526
2.8500  0.0521
2.8550  0.0515
2.8600  0.0510
2.8650  0.0507
2.8700  0.0507
2.8750  0.0508
2.8800  0.0510
2.8850  0.0513
2.8900  0.0517
2.8950  0.0519
2.9000  0.0520
2.9050  0.0519
2.9100  0.0516
2.9150  0.0513
2.9200  0.0510
2.9250  0.0506
2.9300  0.0503
2.9350  0.0501
2.9400  0.0500
2.9450  0.0502
2.9500  0.0505
2.9550  0.0508
2.9600  0.0510
2.9650  0.0510
2.9700  0.0510
2.9750  0.0510
2.9800  0.0510
2.9850  0.0512
2.9900  0.0515
2.9950  0.0518
3.0000  0.0520
3.0050  0.0521
3.0100  0.0521
3.0150  0.0521
3.0200  0.0520
3.0250  0.0519
3.0300  0.0519
3.0350  0.0519
3.0400  0.0520
3.0450  0.0522
3.0500  0.0524
3.0550  0.0527
3.0600  0.0530
3.0650  0.0533
3.0700  0.0535
3.0750  0.0538
3.0800  0.0540
3.0850  0.0543
3.0900  0.0546
3.0950  0.0548
3.1000  0.0550
3.1050  0.0551
3.1100  0.0552
3.1150  0.0551
3.1200  0.0550
3.1250  0.0547
3.1300  0.0544
3.1350  0.0541
3.1400  0.0540
3.1450  0.0541
3.1500  0.0543
3.1550  0.0547
3.1600  0.0550
3.1650  0.0553
3.1700  0.0556
3.1750  0.0559
3.1800  0.0560
3.1850  0.0561
3.1900  0.0562
3.1950  0.0561
3.2000  0.0560
3.2050  0.0558
3.2100  0.0556
3.2150  0.0553
3.2200  0.0550
3.2250  0.0546
3.2300  0.0542
3.2350  0.0540
3.2400  0.0540
3.2450  0.0546
3.2500  0.0553
3.2550  0.0558
3.2600  0.0560
3.2650  0.0556
3.2700  0.0548
3.2750  0.0539
3.2800  0.0530
3.2850  0.0522
3.2900  0.0515
3.2950  0.0512
3.3000  0.0510
3.3050  0.0511
3.3100  0.0514
3.3150  0.0517
3.3200  0.0520
3.3250  0.0522
3.3300  0.0523
3.3350  0.0522
3.3400  0.0520
3.3450  0.0516
3.3500  0.0511
3.3550  0.0506
3.3600  0.0500
3.3650  0.0495
3.3700  0.0490
3.3750  0.0485
3.3800  0.0480
3.3850  0.0474
3.3900  0.0469
3.3950  0.0464
3.4000  0.0460
3.4050  0.0456
3.4100  0.0452
3.4150  0.0450
3.4200  0.0450
3.4250  0.0452
3.4300  0.0455
3.4350  0.0458
3.4400  0.0460
3.4450  0.0460
3.4500  0.0460
3.4550  0.0460
3.4600  0.0460
3.4650  0.0462
3.4700  0.0465
3.4750  0.0468
3.4800  0.0470
3.4850  0.0470
3.4900  0.0470
3.4950  0.0470
3.5000  0.0470
3.5050  0.0470
3.5100  0.0471
3.5150  0.0475
3.5200  0.0480
3.5250  0.0490
3.5300  0.0501
3.5350  0.0511
3.5400  0.0520
3.5450  0.0525
3.5500  0.0528
3.5550  0.0529
3.5600  0.0530
3.5650  0.0533
3.5700  0.0536
3.5750  0.0539
3.5800  0.0540
3.5850  0.0537
3.5900  0.0534
3.5950  0.0531
3.6000  0.0530
3.6050  0.0534
3.6100  0.0539
3.6150  0.0545
3.6200  0.0550
3.6250  0.0553
3.6300  0.0553
3.6350  0.0552
3.6400  0.0550
3.6450  0.0547
3.6500  0.0544
3.6550  0.0542
3.6600  0.0540
3.6650  0.0539
3.6700  0.0539
3.6750  0.0540
3.6800  0.0540
3.6850  0.0540
3.6900  0.0540
3.6950  0.0540
3.7000  0.0540
3.7050  0.0541
3.7100  0.0542
3.7150  0.0542
3.7200  0.0540
3.7250  0.0536
3.7300  0.0530
3.7350  0.0525
3.7400  0.0520
3.7450  0.0517
3.7500  0.0515
3.7550  0.0513
3.7600  0.0510
3.7650  0.0505
3.7700  0.0499
3.7750  0.0494
3.7800  0.0490
3.7850  0.0488
3.7900  0.0487
3.7950  0.0488
3.8000  0.0490
3.8050  0.0492
3.8100  0.0495
3.8150  0.0497
3.8200  0.0500
3.8250  0.0504
3.8300  0.0508
3.8350  0.0510
3.8400  0.0510
3.8450  0.0506
3.8500  0.0500
3.8550  0.0494
3.8600  0.0490
3.8650  0.0489
3.8700  0.0489
3.8750  0.0490
3.8800  0.0490
3.8850  0.0489
3.8900  0.0487
3.8950  0.0484
3.9000  0.0480
3.9050  0.0474
3.9100  0.0469
3.9150  0.0464
3.9200  0.0460
3.9250  0.0458
3.9300  0.0458
3.9350  0.0458
3.9400  0.0460
3.9450  0.0462
3.9500  0.0465
3.9550  0.0467
3.9600  0.0470
3.9650  0.0471
3.9700  0.0473
3.9750  0.0476
3.9800  0.0480
3.9850  0.0486
3.9900  0.0493
3.9950  0.0501
4.0000  0.0510
