0.3000  
4.0000
AsphaltShingleOldGray             
0.3000  0.0501
0.3005  0.0502
0.3010  0.0504
0.3015  0.0505
0.3020  0.0507
0.3025  0.0509
0.3030  0.0511
0.3035  0.0512
0.3040  0.0514
0.3045  0.0516
0.3050  0.0517
0.3055  0.0519
0.3060  0.0520
0.3065  0.0522
0.3070  0.0523
0.3075  0.0525
0.3080  0.0526
0.3085  0.0527
0.3090  0.0529
0.3095  0.0530
0.3100  0.0531
0.3105  0.0532
0.3110  0.0533
0.3115  0.0535
0.3120  0.0536
0.3125  0.0537
0.3130  0.0539
0.3135  0.0540
0.3140  0.0541
0.3145  0.0542
0.3150  0.0543
0.3155  0.0545
0.3160  0.0546
0.3165  0.0547
0.3170  0.0548
0.3175  0.0550
0.3180  0.0551
0.3185  0.0552
0.3190  0.0554
0.3195  0.0556
0.3200  0.0557
0.3205  0.0558
0.3210  0.0560
0.3215  0.0561
0.3220  0.0562
0.3225  0.0563
0.3230  0.0564
0.3235  0.0565
0.3240  0.0566
0.3245  0.0567
0.3250  0.0568
0.3255  0.0570
0.3260  0.0571
0.3265  0.0572
0.3270  0.0574
0.3275  0.0575
0.3280  0.0576
0.3285  0.0577
0.3290  0.0578
0.3295  0.0580
0.3300  0.0581
0.3305  0.0582
0.3310  0.0583
0.3315  0.0585
0.3320  0.0586
0.3325  0.0587
0.3330  0.0589
0.3335  0.0590
0.3340  0.0592
0.3345  0.0594
0.3350  0.0595
0.3355  0.0597
0.3360  0.0598
0.3365  0.0599
0.3370  0.0601
0.3375  0.0602
0.3380  0.0604
0.3385  0.0606
0.3390  0.0607
0.3395  0.0609
0.3400  0.0611
0.3405  0.0613
0.3410  0.0615
0.3415  0.0617
0.3420  0.0619
0.3425  0.0621
0.3430  0.0623
0.3435  0.0625
0.3440  0.0627
0.3445  0.0629
0.3450  0.0632
0.3455  0.0634
0.3460  0.0637
0.3465  0.0639
0.3470  0.0642
0.3475  0.0644
0.3480  0.0647
0.3485  0.0650
0.3490  0.0652
0.3495  0.0655
0.3500  0.0658
0.3505  0.0661
0.3510  0.0664
0.3515  0.0667
0.3520  0.0670
0.3525  0.0673
0.3530  0.0676
0.3535  0.0680
0.3540  0.0683
0.3545  0.0687
0.3550  0.0690
0.3555  0.0694
0.3560  0.0698
0.3565  0.0702
0.3570  0.0705
0.3575  0.0709
0.3580  0.0713
0.3585  0.0717
0.3590  0.0721
0.3595  0.0725
0.3600  0.0729
0.3605  0.0733
0.3610  0.0737
0.3615  0.0742
0.3620  0.0746
0.3625  0.0751
0.3630  0.0755
0.3635  0.0760
0.3640  0.0765
0.3645  0.0770
0.3650  0.0775
0.3655  0.0780
0.3660  0.0785
0.3665  0.0790
0.3670  0.0796
0.3675  0.0801
0.3680  0.0807
0.3685  0.0813
0.3690  0.0818
0.3695  0.0824
0.3700  0.0830
0.3705  0.0836
0.3710  0.0843
0.3715  0.0849
0.3720  0.0856
0.3725  0.0863
0.3730  0.0869
0.3735  0.0877
0.3740  0.0884
0.3745  0.0891
0.3750  0.0899
0.3755  0.0908
0.3760  0.0917
0.3765  0.0927
0.3770  0.0937
0.3775  0.0948
0.3780  0.0960
0.3785  0.0973
0.3790  0.0986
0.3795  0.0999
0.3800  0.1012
0.3805  0.1025
0.3810  0.1037
0.3815  0.1050
0.3820  0.1064
0.3825  0.1078
0.3830  0.1093
0.3835  0.1108
0.3840  0.1125
0.3845  0.1142
0.3850  0.1160
0.3855  0.1178
0.3860  0.1197
0.3865  0.1216
0.3870  0.1236
0.3875  0.1257
0.3880  0.1278
0.3885  0.1300
0.3890  0.1323
0.3895  0.1347
0.3900  0.1371
0.3905  0.1395
0.3910  0.1420
0.3915  0.1446
0.3920  0.1472
0.3925  0.1499
0.3930  0.1526
0.3935  0.1553
0.3940  0.1580
0.3945  0.1607
0.3950  0.1634
0.3955  0.1661
0.3960  0.1688
0.3965  0.1715
0.3970  0.1741
0.3975  0.1768
0.3980  0.1793
0.3985  0.1818
0.3990  0.1843
0.3995  0.1867
0.4000  0.1890
0.4010  0.1935
0.4020  0.1976
0.4030  0.2014
0.4040  0.2049
0.4050  0.2081
0.4060  0.2109
0.4070  0.2134
0.4080  0.2156
0.4090  0.2175
0.4100  0.2192
0.4110  0.2207
0.4120  0.2220
0.4130  0.2231
0.4140  0.2241
0.4150  0.2250
0.4160  0.2259
0.4170  0.2267
0.4180  0.2275
0.4190  0.2282
0.4200  0.2288
0.4210  0.2295
0.4220  0.2301
0.4230  0.2307
0.4240  0.2313
0.4250  0.2318
0.4260  0.2324
0.4270  0.2330
0.4280  0.2336
0.4290  0.2342
0.4300  0.2348
0.4310  0.2354
0.4320  0.2360
0.4330  0.2365
0.4340  0.2371
0.4350  0.2377
0.4360  0.2383
0.4370  0.2389
0.4380  0.2394
0.4390  0.2399
0.4400  0.2405
0.4410  0.2410
0.4420  0.2416
0.4430  0.2422
0.4440  0.2428
0.4450  0.2434
0.4460  0.2440
0.4470  0.2445
0.4480  0.2450
0.4490  0.2455
0.4500  0.2460
0.4510  0.2465
0.4520  0.2469
0.4530  0.2473
0.4540  0.2476
0.4550  0.2480
0.4560  0.2483
0.4570  0.2486
0.4580  0.2488
0.4590  0.2490
0.4600  0.2493
0.4610  0.2495
0.4620  0.2498
0.4630  0.2501
0.4640  0.2504
0.4650  0.2507
0.4660  0.2510
0.4670  0.2513
0.4680  0.2516
0.4690  0.2519
0.4700  0.2521
0.4710  0.2523
0.4720  0.2526
0.4730  0.2529
0.4740  0.2532
0.4750  0.2535
0.4760  0.2537
0.4770  0.2539
0.4780  0.2541
0.4790  0.2545
0.4800  0.2549
0.4810  0.2553
0.4820  0.2557
0.4830  0.2560
0.4840  0.2564
0.4850  0.2568
0.4860  0.2572
0.4870  0.2576
0.4880  0.2579
0.4890  0.2583
0.4900  0.2586
0.4910  0.2589
0.4920  0.2592
0.4930  0.2595
0.4940  0.2597
0.4950  0.2599
0.4960  0.2600
0.4970  0.2602
0.4980  0.2604
0.4990  0.2607
0.5000  0.2610
0.5010  0.2612
0.5020  0.2614
0.5030  0.2617
0.5040  0.2620
0.5050  0.2623
0.5060  0.2625
0.5070  0.2628
0.5080  0.2631
0.5090  0.2634
0.5100  0.2637
0.5110  0.2640
0.5120  0.2643
0.5130  0.2646
0.5140  0.2649
0.5150  0.2651
0.5160  0.2654
0.5170  0.2657
0.5180  0.2660
0.5190  0.2663
0.5200  0.2666
0.5210  0.2669
0.5220  0.2672
0.5230  0.2675
0.5240  0.2678
0.5250  0.2681
0.5260  0.2684
0.5270  0.2687
0.5280  0.2690
0.5290  0.2693
0.5300  0.2696
0.5310  0.2699
0.5320  0.2702
0.5330  0.2705
0.5340  0.2708
0.5350  0.2712
0.5360  0.2715
0.5370  0.2718
0.5380  0.2721
0.5390  0.2724
0.5400  0.2728
0.5410  0.2732
0.5420  0.2735
0.5430  0.2738
0.5440  0.2742
0.5450  0.2746
0.5460  0.2749
0.5470  0.2752
0.5480  0.2756
0.5490  0.2760
0.5500  0.2764
0.5510  0.2767
0.5520  0.2771
0.5530  0.2775
0.5540  0.2779
0.5550  0.2782
0.5560  0.2785
0.5570  0.2789
0.5580  0.2793
0.5590  0.2797
0.5600  0.2801
0.5610  0.2805
0.5620  0.2809
0.5630  0.2813
0.5640  0.2816
0.5650  0.2820
0.5660  0.2823
0.5670  0.2826
0.5680  0.2829
0.5690  0.2832
0.5700  0.2835
0.5710  0.2839
0.5720  0.2842
0.5730  0.2845
0.5740  0.2848
0.5750  0.2851
0.5760  0.2853
0.5770  0.2855
0.5780  0.2857
0.5790  0.2860
0.5800  0.2862
0.5810  0.2864
0.5820  0.2866
0.5830  0.2868
0.5840  0.2870
0.5850  0.2872
0.5860  0.2874
0.5870  0.2876
0.5880  0.2878
0.5890  0.2879
0.5900  0.2880
0.5910  0.2882
0.5920  0.2884
0.5930  0.2885
0.5940  0.2886
0.5950  0.2887
0.5960  0.2888
0.5970  0.2890
0.5980  0.2891
0.5990  0.2892
0.6000  0.2893
0.6010  0.2893
0.6020  0.2894
0.6030  0.2895
0.6040  0.2896
0.6050  0.2897
0.6060  0.2897
0.6070  0.2897
0.6080  0.2898
0.6090  0.2899
0.6100  0.2899
0.6110  0.2899
0.6120  0.2899
0.6130  0.2900
0.6140  0.2901
0.6150  0.2901
0.6160  0.2901
0.6170  0.2901
0.6180  0.2902
0.6190  0.2902
0.6200  0.2902
0.6210  0.2902
0.6220  0.2903
0.6230  0.2903
0.6240  0.2903
0.6250  0.2903
0.6260  0.2903
0.6270  0.2903
0.6280  0.2903
0.6290  0.2903
0.6300  0.2903
0.6310  0.2903
0.6320  0.2903
0.6330  0.2904
0.6340  0.2904
0.6350  0.2904
0.6360  0.2904
0.6370  0.2904
0.6380  0.2904
0.6390  0.2904
0.6400  0.2904
0.6410  0.2904
0.6420  0.2904
0.6430  0.2904
0.6440  0.2904
0.6450  0.2904
0.6460  0.2904
0.6470  0.2904
0.6480  0.2904
0.6490  0.2904
0.6500  0.2904
0.6510  0.2904
0.6520  0.2904
0.6530  0.2904
0.6540  0.2904
0.6550  0.2904
0.6560  0.2904
0.6570  0.2904
0.6580  0.2904
0.6590  0.2904
0.6600  0.2904
0.6610  0.2903
0.6620  0.2903
0.6630  0.2903
0.6640  0.2904
0.6650  0.2904
0.6660  0.2904
0.6670  0.2904
0.6680  0.2904
0.6690  0.2903
0.6700  0.2903
0.6710  0.2903
0.6720  0.2904
0.6730  0.2904
0.6740  0.2904
0.6750  0.2904
0.6760  0.2904
0.6770  0.2903
0.6780  0.2903
0.6790  0.2903
0.6800  0.2903
0.6810  0.2903
0.6820  0.2903
0.6830  0.2902
0.6840  0.2902
0.6850  0.2902
0.6860  0.2902
0.6870  0.2901
0.6880  0.2901
0.6890  0.2901
0.6900  0.2902
0.6910  0.2902
0.6920  0.2902
0.6930  0.2902
0.6940  0.2902
0.6950  0.2901
0.6960  0.2901
0.6970  0.2901
0.6980  0.2902
0.6990  0.2902
0.7000  0.2902
0.7010  0.2902
0.7020  0.2902
0.7030  0.2902
0.7040  0.2902
0.7050  0.2902
0.7060  0.2901
0.7070  0.2900
0.7080  0.2900
0.7090  0.2900
0.7100  0.2901
0.7110  0.2901
0.7120  0.2901
0.7130  0.2900
0.7140  0.2900
0.7150  0.2900
0.7160  0.2900
0.7170  0.2900
0.7180  0.2899
0.7190  0.2898
0.7200  0.2898
0.7210  0.2898
0.7220  0.2898
0.7230  0.2899
0.7240  0.2899
0.7250  0.2899
0.7260  0.2899
0.7270  0.2899
0.7280  0.2898
0.7290  0.2897
0.7300  0.2897
0.7310  0.2897
0.7320  0.2897
0.7330  0.2897
0.7340  0.2897
0.7350  0.2897
0.7360  0.2897
0.7370  0.2896
0.7380  0.2896
0.7390  0.2896
0.7400  0.2896
0.7410  0.2895
0.7420  0.2895
0.7430  0.2895
0.7440  0.2895
0.7450  0.2896
0.7460  0.2896
0.7470  0.2895
0.7480  0.2894
0.7490  0.2893
0.7500  0.2893
0.7510  0.2892
0.7520  0.2892
0.7530  0.2892
0.7540  0.2892
0.7550  0.2892
0.7560  0.2892
0.7570  0.2891
0.7580  0.2890
0.7590  0.2890
0.7600  0.2890
0.7610  0.2890
0.7620  0.2890
0.7630  0.2890
0.7640  0.2890
0.7650  0.2890
0.7660  0.2889
0.7670  0.2888
0.7680  0.2888
0.7690  0.2887
0.7700  0.2887
0.7710  0.2887
0.7720  0.2887
0.7730  0.2886
0.7740  0.2886
0.7750  0.2886
0.7760  0.2886
0.7770  0.2887
0.7780  0.2887
0.7790  0.2886
0.7800  0.2885
0.7810  0.2884
0.7820  0.2884
0.7830  0.2883
0.7840  0.2883
0.7850  0.2883
0.7860  0.2883
0.7870  0.2882
0.7880  0.2882
0.7890  0.2882
0.7900  0.2882
0.7910  0.2881
0.7920  0.2880
0.7930  0.2880
0.7940  0.2880
0.7950  0.2880
0.7960  0.2879
0.7970  0.2878
0.7980  0.2878
0.7990  0.2878
0.8000  0.2878
0.8010  0.2878
0.8020  0.2878
0.8030  0.2877
0.8040  0.2877
0.8050  0.2877
0.8060  0.2876
0.8070  0.2876
0.8080  0.2875
0.8090  0.2875
0.8100  0.2874
0.8110  0.2873
0.8120  0.2872
0.8130  0.2872
0.8140  0.2871
0.8150  0.2870
0.8160  0.2869
0.8170  0.2868
0.8180  0.2868
0.8190  0.2867
0.8200  0.2866
0.8210  0.2865
0.8220  0.2865
0.8230  0.2864
0.8240  0.2863
0.8250  0.2863
0.8260  0.2862
0.8270  0.2861
0.8280  0.2861
0.8290  0.2860
0.8300  0.2860
0.8310  0.2859
0.8320  0.2859
0.8330  0.2858
0.8340  0.2857
0.8350  0.2857
0.8360  0.2856
0.8370  0.2856
0.8380  0.2855
0.8390  0.2855
0.8400  0.2854
0.8410  0.2853
0.8420  0.2852
0.8430  0.2852
0.8440  0.2851
0.8450  0.2850
0.8460  0.2849
0.8470  0.2848
0.8480  0.2847
0.8490  0.2847
0.8500  0.2846
0.8510  0.2845
0.8520  0.2845
0.8530  0.2844
0.8540  0.2843
0.8550  0.2843
0.8560  0.2842
0.8570  0.2842
0.8580  0.2842
0.8590  0.2841
0.8600  0.2841
0.8610  0.2841
0.8620  0.2841
0.8630  0.2841
0.8640  0.2841
0.8650  0.2841
0.8660  0.2841
0.8670  0.2842
0.8680  0.2842
0.8690  0.2842
0.8700  0.2843
0.8710  0.2843
0.8720  0.2843
0.8730  0.2844
0.8740  0.2844
0.8750  0.2844
0.8760  0.2845
0.8770  0.2845
0.8780  0.2845
0.8790  0.2846
0.8800  0.2846
0.8810  0.2846
0.8820  0.2847
0.8830  0.2847
0.8840  0.2847
0.8850  0.2848
0.8860  0.2848
0.8870  0.2848
0.8880  0.2848
0.8890  0.2848
0.8900  0.2848
0.8910  0.2848
0.8920  0.2848
0.8930  0.2848
0.8940  0.2848
0.8950  0.2848
0.8960  0.2847
0.8970  0.2847
0.8980  0.2847
0.8990  0.2846
0.9000  0.2846
0.9010  0.2846
0.9020  0.2845
0.9030  0.2845
0.9040  0.2844
0.9050  0.2844
0.9060  0.2843
0.9070  0.2842
0.9080  0.2842
0.9090  0.2841
0.9100  0.2840
0.9110  0.2839
0.9120  0.2839
0.9130  0.2838
0.9140  0.2837
0.9150  0.2836
0.9160  0.2835
0.9170  0.2834
0.9180  0.2833
0.9190  0.2832
0.9200  0.2831
0.9210  0.2830
0.9220  0.2829
0.9230  0.2828
0.9240  0.2826
0.9250  0.2825
0.9260  0.2824
0.9270  0.2823
0.9280  0.2822
0.9290  0.2821
0.9300  0.2819
0.9310  0.2818
0.9320  0.2817
0.9330  0.2816
0.9340  0.2815
0.9350  0.2814
0.9360  0.2812
0.9370  0.2811
0.9380  0.2810
0.9390  0.2809
0.9400  0.2808
0.9410  0.2807
0.9420  0.2806
0.9430  0.2805
0.9440  0.2804
0.9450  0.2803
0.9460  0.2802
0.9470  0.2801
0.9480  0.2800
0.9490  0.2799
0.9500  0.2798
0.9510  0.2797
0.9520  0.2796
0.9530  0.2795
0.9540  0.2794
0.9550  0.2793
0.9560  0.2792
0.9570  0.2792
0.9580  0.2791
0.9590  0.2790
0.9600  0.2789
0.9610  0.2788
0.9620  0.2787
0.9630  0.2786
0.9640  0.2785
0.9650  0.2785
0.9660  0.2784
0.9670  0.2783
0.9680  0.2782
0.9690  0.2781
0.9700  0.2780
0.9710  0.2779
0.9720  0.2779
0.9730  0.2778
0.9740  0.2777
0.9750  0.2776
0.9760  0.2775
0.9770  0.2774
0.9780  0.2774
0.9790  0.2773
0.9800  0.2772
0.9810  0.2771
0.9820  0.2770
0.9830  0.2770
0.9840  0.2769
0.9850  0.2768
0.9860  0.2767
0.9870  0.2767
0.9880  0.2766
0.9890  0.2765
0.9900  0.2764
0.9910  0.2764
0.9920  0.2763
0.9930  0.2762
0.9940  0.2762
0.9950  0.2761
0.9960  0.2760
0.9970  0.2759
0.9980  0.2759
0.9990  0.2758
1.0000  0.2757
1.0010  0.2756
1.0020  0.2755
1.0030  0.2755
1.0040  0.2754
1.0050  0.2753
1.0060  0.2752
1.0070  0.2752
1.0080  0.2751
1.0090  0.2750
1.0100  0.2749
1.0110  0.2748
1.0120  0.2748
1.0130  0.2747
1.0140  0.2746
1.0150  0.2745
1.0160  0.2744
1.0170  0.2743
1.0180  0.2743
1.0190  0.2742
1.0200  0.2741
1.0210  0.2740
1.0220  0.2739
1.0230  0.2739
1.0240  0.2738
1.0250  0.2737
1.0260  0.2736
1.0270  0.2735
1.0280  0.2734
1.0290  0.2734
1.0300  0.2733
1.0310  0.2732
1.0320  0.2731
1.0330  0.2730
1.0340  0.2729
1.0350  0.2728
1.0360  0.2728
1.0370  0.2727
1.0380  0.2726
1.0390  0.2725
1.0400  0.2724
1.0410  0.2723
1.0420  0.2722
1.0430  0.2721
1.0440  0.2720
1.0450  0.2719
1.0460  0.2718
1.0470  0.2717
1.0480  0.2716
1.0490  0.2715
1.0500  0.2714
1.0510  0.2713
1.0520  0.2712
1.0530  0.2711
1.0540  0.2710
1.0550  0.2709
1.0560  0.2708
1.0570  0.2707
1.0580  0.2707
1.0590  0.2706
1.0600  0.2705
1.0610  0.2704
1.0620  0.2704
1.0630  0.2703
1.0640  0.2703
1.0650  0.2702
1.0660  0.2701
1.0670  0.2701
1.0680  0.2700
1.0690  0.2700
1.0700  0.2699
1.0710  0.2699
1.0720  0.2698
1.0730  0.2698
1.0740  0.2697
1.0750  0.2696
1.0760  0.2696
1.0770  0.2695
1.0780  0.2694
1.0790  0.2694
1.0800  0.2693
1.0810  0.2692
1.0820  0.2691
1.0830  0.2690
1.0840  0.2689
1.0850  0.2688
1.0860  0.2688
1.0870  0.2687
1.0880  0.2685
1.0890  0.2684
1.0900  0.2683
1.0910  0.2682
1.0920  0.2681
1.0930  0.2680
1.0940  0.2679
1.0950  0.2678
1.0960  0.2677
1.0970  0.2676
1.0980  0.2675
1.0990  0.2674
1.1000  0.2673
1.1010  0.2672
1.1020  0.2671
1.1030  0.2670
1.1040  0.2669
1.1050  0.2668
1.1060  0.2668
1.1070  0.2667
1.1080  0.2666
1.1090  0.2665
1.1100  0.2664
1.1110  0.2663
1.1120  0.2662
1.1130  0.2662
1.1140  0.2661
1.1150  0.2660
1.1160  0.2659
1.1170  0.2658
1.1180  0.2658
1.1190  0.2657
1.1200  0.2656
1.1210  0.2655
1.1220  0.2654
1.1230  0.2654
1.1240  0.2653
1.1250  0.2652
1.1260  0.2651
1.1270  0.2650
1.1280  0.2649
1.1290  0.2649
1.1300  0.2648
1.1310  0.2647
1.1320  0.2646
1.1330  0.2645
1.1340  0.2644
1.1350  0.2643
1.1360  0.2643
1.1370  0.2642
1.1380  0.2641
1.1390  0.2640
1.1400  0.2639
1.1410  0.2638
1.1420  0.2637
1.1430  0.2636
1.1440  0.2635
1.1450  0.2634
1.1460  0.2633
1.1470  0.2632
1.1480  0.2631
1.1490  0.2630
1.1500  0.2629
1.1510  0.2628
1.1520  0.2627
1.1530  0.2626
1.1540  0.2625
1.1550  0.2624
1.1560  0.2623
1.1570  0.2622
1.1580  0.2622
1.1590  0.2621
1.1600  0.2620
1.1610  0.2619
1.1620  0.2619
1.1630  0.2618
1.1640  0.2617
1.1650  0.2617
1.1660  0.2616
1.1670  0.2616
1.1680  0.2615
1.1690  0.2614
1.1700  0.2614
1.1710  0.2613
1.1720  0.2613
1.1730  0.2612
1.1740  0.2612
1.1750  0.2611
1.1760  0.2610
1.1770  0.2610
1.1780  0.2609
1.1790  0.2609
1.1800  0.2608
1.1810  0.2607
1.1820  0.2606
1.1830  0.2606
1.1840  0.2605
1.1850  0.2604
1.1860  0.2603
1.1870  0.2602
1.1880  0.2602
1.1890  0.2601
1.1900  0.2600
1.1910  0.2599
1.1920  0.2598
1.1930  0.2597
1.1940  0.2597
1.1950  0.2596
1.1960  0.2595
1.1970  0.2594
1.1980  0.2593
1.1990  0.2593
1.2000  0.2592
1.2010  0.2591
1.2020  0.2591
1.2030  0.2590
1.2040  0.2589
1.2050  0.2589
1.2060  0.2588
1.2070  0.2588
1.2080  0.2587
1.2090  0.2587
1.2100  0.2586
1.2110  0.2586
1.2120  0.2585
1.2130  0.2585
1.2140  0.2584
1.2150  0.2584
1.2160  0.2583
1.2170  0.2583
1.2180  0.2582
1.2190  0.2582
1.2200  0.2581
1.2210  0.2581
1.2220  0.2580
1.2230  0.2580
1.2240  0.2579
1.2250  0.2579
1.2260  0.2578
1.2270  0.2578
1.2280  0.2577
1.2290  0.2577
1.2300  0.2576
1.2310  0.2575
1.2320  0.2575
1.2330  0.2574
1.2340  0.2574
1.2350  0.2573
1.2360  0.2573
1.2370  0.2572
1.2380  0.2571
1.2390  0.2571
1.2400  0.2570
1.2410  0.2569
1.2420  0.2569
1.2430  0.2568
1.2440  0.2567
1.2450  0.2566
1.2460  0.2566
1.2470  0.2565
1.2480  0.2564
1.2490  0.2563
1.2500  0.2562
1.2510  0.2562
1.2520  0.2561
1.2530  0.2560
1.2540  0.2559
1.2550  0.2559
1.2560  0.2558
1.2570  0.2557
1.2580  0.2556
1.2590  0.2556
1.2600  0.2555
1.2610  0.2554
1.2620  0.2554
1.2630  0.2553
1.2640  0.2552
1.2650  0.2552
1.2660  0.2551
1.2670  0.2551
1.2680  0.2550
1.2690  0.2549
1.2700  0.2549
1.2710  0.2548
1.2720  0.2548
1.2730  0.2547
1.2740  0.2547
1.2750  0.2546
1.2760  0.2545
1.2770  0.2545
1.2780  0.2544
1.2790  0.2544
1.2800  0.2543
1.2810  0.2542
1.2820  0.2542
1.2830  0.2541
1.2840  0.2540
1.2850  0.2540
1.2860  0.2539
1.2870  0.2538
1.2880  0.2538
1.2890  0.2537
1.2900  0.2536
1.2910  0.2536
1.2920  0.2535
1.2930  0.2534
1.2940  0.2533
1.2950  0.2533
1.2960  0.2532
1.2970  0.2531
1.2980  0.2530
1.2990  0.2530
1.3000  0.2529
1.3010  0.2528
1.3020  0.2527
1.3030  0.2527
1.3040  0.2526
1.3050  0.2525
1.3060  0.2524
1.3070  0.2523
1.3080  0.2523
1.3090  0.2522
1.3100  0.2521
1.3110  0.2520
1.3120  0.2520
1.3130  0.2519
1.3140  0.2518
1.3150  0.2517
1.3160  0.2517
1.3170  0.2516
1.3180  0.2515
1.3190  0.2515
1.3200  0.2514
1.3210  0.2513
1.3220  0.2513
1.3230  0.2512
1.3240  0.2512
1.3250  0.2511
1.3260  0.2511
1.3270  0.2510
1.3280  0.2510
1.3290  0.2509
1.3300  0.2509
1.3310  0.2509
1.3320  0.2508
1.3330  0.2508
1.3340  0.2507
1.3350  0.2507
1.3360  0.2506
1.3370  0.2506
1.3380  0.2505
1.3390  0.2505
1.3400  0.2504
1.3410  0.2503
1.3420  0.2503
1.3430  0.2502
1.3440  0.2502
1.3450  0.2501
1.3460  0.2501
1.3470  0.2500
1.3480  0.2499
1.3490  0.2499
1.3500  0.2498
1.3510  0.2497
1.3520  0.2496
1.3530  0.2496
1.3540  0.2495
1.3550  0.2494
1.3560  0.2493
1.3570  0.2493
1.3580  0.2492
1.3590  0.2491
1.3600  0.2490
1.3610  0.2489
1.3620  0.2489
1.3630  0.2488
1.3640  0.2487
1.3650  0.2486
1.3660  0.2486
1.3670  0.2485
1.3680  0.2484
1.3690  0.2483
1.3700  0.2482
1.3710  0.2481
1.3720  0.2480
1.3730  0.2479
1.3740  0.2478
1.3750  0.2477
1.3760  0.2476
1.3770  0.2474
1.3780  0.2473
1.3790  0.2471
1.3800  0.2470
1.3810  0.2468
1.3820  0.2466
1.3830  0.2464
1.3840  0.2462
1.3850  0.2460
1.3860  0.2458
1.3870  0.2456
1.3880  0.2454
1.3890  0.2452
1.3900  0.2449
1.3910  0.2447
1.3920  0.2445
1.3930  0.2443
1.3940  0.2441
1.3950  0.2439
1.3960  0.2437
1.3970  0.2435
1.3980  0.2433
1.3990  0.2432
1.4000  0.2430
1.4010  0.2428
1.4020  0.2426
1.4030  0.2424
1.4040  0.2423
1.4050  0.2421
1.4060  0.2419
1.4070  0.2418
1.4080  0.2417
1.4090  0.2416
1.4100  0.2415
1.4110  0.2414
1.4120  0.2413
1.4130  0.2412
1.4140  0.2411
1.4150  0.2411
1.4160  0.2410
1.4170  0.2410
1.4180  0.2410
1.4190  0.2410
1.4200  0.2410
1.4210  0.2411
1.4220  0.2411
1.4230  0.2412
1.4240  0.2413
1.4250  0.2414
1.4260  0.2415
1.4270  0.2416
1.4280  0.2417
1.4290  0.2418
1.4300  0.2419
1.4310  0.2421
1.4320  0.2422
1.4330  0.2423
1.4340  0.2424
1.4350  0.2425
1.4360  0.2426
1.4370  0.2427
1.4380  0.2428
1.4390  0.2429
1.4400  0.2430
1.4410  0.2431
1.4420  0.2431
1.4430  0.2431
1.4440  0.2432
1.4450  0.2432
1.4460  0.2432
1.4470  0.2432
1.4480  0.2432
1.4490  0.2432
1.4500  0.2432
1.4510  0.2432
1.4520  0.2432
1.4530  0.2432
1.4540  0.2431
1.4550  0.2431
1.4560  0.2431
1.4570  0.2431
1.4580  0.2430
1.4590  0.2430
1.4600  0.2430
1.4610  0.2430
1.4620  0.2430
1.4630  0.2429
1.4640  0.2429
1.4650  0.2429
1.4660  0.2429
1.4670  0.2429
1.4680  0.2429
1.4690  0.2429
1.4700  0.2429
1.4710  0.2428
1.4720  0.2428
1.4730  0.2428
1.4740  0.2428
1.4750  0.2428
1.4760  0.2428
1.4770  0.2428
1.4780  0.2428
1.4790  0.2428
1.4800  0.2428
1.4810  0.2428
1.4820  0.2428
1.4830  0.2428
1.4840  0.2428
1.4850  0.2428
1.4860  0.2428
1.4870  0.2428
1.4880  0.2428
1.4890  0.2428
1.4900  0.2428
1.4910  0.2428
1.4920  0.2428
1.4930  0.2428
1.4940  0.2428
1.4950  0.2428
1.4960  0.2428
1.4970  0.2428
1.4980  0.2427
1.4990  0.2427
1.5000  0.2427
1.5010  0.2427
1.5020  0.2426
1.5030  0.2426
1.5040  0.2426
1.5050  0.2425
1.5060  0.2425
1.5070  0.2425
1.5080  0.2424
1.5090  0.2424
1.5100  0.2424
1.5110  0.2423
1.5120  0.2423
1.5130  0.2422
1.5140  0.2422
1.5150  0.2422
1.5160  0.2421
1.5170  0.2421
1.5180  0.2421
1.5190  0.2420
1.5200  0.2420
1.5210  0.2420
1.5220  0.2420
1.5230  0.2419
1.5240  0.2419
1.5250  0.2419
1.5260  0.2419
1.5270  0.2419
1.5280  0.2419
1.5290  0.2418
1.5300  0.2418
1.5310  0.2418
1.5320  0.2418
1.5330  0.2418
1.5340  0.2418
1.5350  0.2418
1.5360  0.2418
1.5370  0.2417
1.5380  0.2417
1.5390  0.2417
1.5400  0.2417
1.5410  0.2417
1.5420  0.2417
1.5430  0.2417
1.5440  0.2416
1.5450  0.2416
1.5460  0.2416
1.5470  0.2416
1.5480  0.2416
1.5490  0.2415
1.5500  0.2415
1.5510  0.2415
1.5520  0.2414
1.5530  0.2414
1.5540  0.2414
1.5550  0.2414
1.5560  0.2413
1.5570  0.2413
1.5580  0.2413
1.5590  0.2412
1.5600  0.2412
1.5610  0.2412
1.5620  0.2411
1.5630  0.2411
1.5640  0.2410
1.5650  0.2410
1.5660  0.2409
1.5670  0.2409
1.5680  0.2409
1.5690  0.2408
1.5700  0.2408
1.5710  0.2407
1.5720  0.2407
1.5730  0.2407
1.5740  0.2406
1.5750  0.2406
1.5760  0.2405
1.5770  0.2405
1.5780  0.2405
1.5790  0.2404
1.5800  0.2404
1.5810  0.2404
1.5820  0.2404
1.5830  0.2403
1.5840  0.2403
1.5850  0.2403
1.5860  0.2403
1.5870  0.2402
1.5880  0.2402
1.5890  0.2402
1.5900  0.2402
1.5910  0.2402
1.5920  0.2402
1.5930  0.2401
1.5940  0.2401
1.5950  0.2401
1.5960  0.2401
1.5970  0.2401
1.5980  0.2400
1.5990  0.2400
1.6000  0.2400
1.6010  0.2400
1.6020  0.2399
1.6030  0.2399
1.6040  0.2399
1.6050  0.2398
1.6060  0.2398
1.6070  0.2398
1.6080  0.2397
1.6090  0.2397
1.6100  0.2396
1.6110  0.2396
1.6120  0.2396
1.6130  0.2395
1.6140  0.2395
1.6150  0.2395
1.6160  0.2394
1.6170  0.2394
1.6180  0.2394
1.6190  0.2393
1.6200  0.2393
1.6210  0.2393
1.6220  0.2392
1.6230  0.2392
1.6240  0.2392
1.6250  0.2392
1.6260  0.2392
1.6270  0.2391
1.6280  0.2391
1.6290  0.2391
1.6300  0.2391
1.6310  0.2391
1.6320  0.2391
1.6330  0.2391
1.6340  0.2390
1.6350  0.2390
1.6360  0.2390
1.6370  0.2390
1.6380  0.2390
1.6390  0.2390
1.6400  0.2390
1.6410  0.2390
1.6420  0.2390
1.6430  0.2390
1.6440  0.2390
1.6450  0.2390
1.6460  0.2390
1.6470  0.2390
1.6480  0.2390
1.6490  0.2390
1.6500  0.2390
1.6510  0.2390
1.6520  0.2390
1.6530  0.2390
1.6540  0.2390
1.6550  0.2390
1.6560  0.2390
1.6570  0.2390
1.6580  0.2389
1.6590  0.2389
1.6600  0.2389
1.6610  0.2389
1.6620  0.2388
1.6630  0.2388
1.6640  0.2387
1.6650  0.2387
1.6660  0.2387
1.6670  0.2386
1.6680  0.2386
1.6690  0.2385
1.6700  0.2384
1.6710  0.2384
1.6720  0.2383
1.6730  0.2383
1.6740  0.2382
1.6750  0.2382
1.6760  0.2381
1.6770  0.2381
1.6780  0.2380
1.6790  0.2380
1.6800  0.2379
1.6810  0.2378
1.6820  0.2378
1.6830  0.2377
1.6840  0.2377
1.6850  0.2377
1.6860  0.2376
1.6870  0.2376
1.6880  0.2375
1.6890  0.2375
1.6900  0.2374
1.6910  0.2374
1.6920  0.2374
1.6930  0.2373
1.6940  0.2373
1.6950  0.2373
1.6960  0.2372
1.6970  0.2372
1.6980  0.2372
1.6990  0.2371
1.7000  0.2371
1.7020  0.2371
1.7050  0.2370
1.7100  0.2369
1.7150  0.2368
1.7200  0.2366
1.7250  0.2364
1.7300  0.2361
1.7350  0.2358
1.7400  0.2355
1.7450  0.2352
1.7500  0.2349
1.7550  0.2346
1.7600  0.2344
1.7650  0.2342
1.7700  0.2341
1.7750  0.2339
1.7800  0.2338
1.7850  0.2336
1.7900  0.2334
1.7950  0.2332
1.8000  0.2330
1.8050  0.2328
1.8100  0.2326
1.8150  0.2325
1.8200  0.2323
1.8250  0.2322
1.8300  0.2320
1.8350  0.2319
1.8400  0.2317
1.8450  0.2315
1.8500  0.2313
1.8550  0.2310
1.8600  0.2306
1.8650  0.2304
1.8700  0.2300
1.8750  0.2293
1.8800  0.2280
1.8850  0.2258
1.8900  0.2233
1.8950  0.2208
1.9000  0.2185
1.9050  0.2163
1.9100  0.2147
1.9150  0.2138
1.9200  0.2135
1.9250  0.2141
1.9300  0.2151
1.9350  0.2163
1.9400  0.2174
1.9450  0.2182
1.9500  0.2187
1.9550  0.2191
1.9600  0.2194
1.9650  0.2198
1.9700  0.2203
1.9750  0.2208
1.9800  0.2213
1.9850  0.2217
1.9900  0.2221
1.9950  0.2224
2.0000  0.2227
2.0050  0.2230
2.0100  0.2233
2.0150  0.2236
2.0200  0.2237
2.0250  0.2237
2.0300  0.2236
2.0350  0.2235
2.0400  0.2233
2.0450  0.2231
2.0500  0.2229
2.0550  0.2227
2.0600  0.2225
2.0650  0.2222
2.0700  0.2220
2.0750  0.2217
2.0800  0.2214
2.0850  0.2211
2.0900  0.2209
2.0950  0.2206
2.1000  0.2204
2.1050  0.2202
2.1100  0.2199
2.1150  0.2197
2.1200  0.2194
2.1250  0.2192
2.1300  0.2188
2.1350  0.2184
2.1400  0.2179
2.1450  0.2172
2.1500  0.2164
2.1550  0.2155
2.1600  0.2147
2.1650  0.2140
2.1700  0.2133
2.1750  0.2126
2.1800  0.2119
2.1850  0.2108
2.1900  0.2098
2.1950  0.2089
2.2000  0.2083
2.2050  0.2081
2.2100  0.2081
2.2150  0.2083
2.2200  0.2086
2.2250  0.2094
2.2300  0.2099
2.2350  0.2100
2.2400  0.2095
2.2450  0.2077
2.2500  0.2054
2.2550  0.2031
2.2600  0.2012
2.2650  0.2001
2.2700  0.1995
2.2750  0.1993
2.2800  0.1990
2.2850  0.1986
2.2900  0.1981
2.2950  0.1973
2.3000  0.1965
2.3050  0.1954
2.3100  0.1943
2.3150  0.1934
2.3200  0.1927
2.3250  0.1924
2.3300  0.1924
2.3350  0.1924
2.3400  0.1924
2.3450  0.1921
2.3500  0.1916
2.3550  0.1911
2.3600  0.1906
2.3650  0.1904
2.3700  0.1902
2.3750  0.1899
2.3800  0.1895
2.3850  0.1887
2.3900  0.1879
2.3950  0.1870
2.4000  0.1862
2.4050  0.1858
2.4100  0.1855
2.4150  0.1852
2.4200  0.1847
2.4250  0.1839
2.4300  0.1829
2.4350  0.1819
2.4400  0.1808
2.4450  0.1799
2.4500  0.1791
2.4550  0.1784
2.4600  0.1777
2.4650  0.1771
2.4700  0.1765
2.4750  0.1759
2.4800  0.1755
2.4850  0.1751
2.4900  0.1747
2.4950  0.1743
2.5000  0.1738
2.5050  0.1732
2.5100  0.1725
2.5150  0.1720
2.5200  0.1715
2.5250  0.1712
2.5300  0.1711
2.5350  0.1711
2.5400  0.1712
2.5450  0.1715
2.5500  0.1717
2.5550  0.1719
2.5600  0.1720
2.5650  0.1721
2.5700  0.1720
2.5750  0.1718
2.5800  0.1713
2.5850  0.1706
2.5900  0.1698
2.5950  0.1690
2.6000  0.1683
2.6050  0.1680
2.6100  0.1678
2.6150  0.1676
2.6200  0.1672
2.6250  0.1667
2.6300  0.1659
2.6350  0.1647
2.6400  0.1633
2.6450  0.1621
2.6500  0.1605
2.6550  0.1583
2.6600  0.1553
2.6650  0.1530
2.6700  0.1493
2.6750  0.1439
2.6800  0.1363
2.6850  0.1248
2.6900  0.1119
2.6950  0.0992
2.7000  0.0877
2.7050  0.0780
2.7100  0.0706
2.7150  0.0648
2.7200  0.0602
2.7250  0.0564
2.7300  0.0532
2.7350  0.0505
2.7400  0.0483
2.7450  0.0458
2.7500  0.0437
2.7550  0.0422
2.7600  0.0416
2.7650  0.0422
2.7700  0.0434
2.7750  0.0449
2.7800  0.0463
2.7850  0.0475
2.7900  0.0483
2.7950  0.0487
2.8000  0.0490
2.8050  0.0492
2.8100  0.0494
2.8150  0.0494
2.8200  0.0493
2.8250  0.0491
2.8300  0.0489
2.8350  0.0487
2.8400  0.0485
2.8450  0.0483
2.8500  0.0481
2.8550  0.0479
2.8600  0.0478
2.8650  0.0476
2.8700  0.0474
2.8750  0.0474
2.8800  0.0474
2.8850  0.0476
2.8900  0.0479
2.8950  0.0483
2.9000  0.0485
2.9050  0.0485
2.9100  0.0485
2.9150  0.0486
2.9200  0.0488
2.9250  0.0494
2.9300  0.0501
2.9350  0.0507
2.9400  0.0510
2.9450  0.0508
2.9500  0.0503
2.9550  0.0498
2.9600  0.0494
2.9650  0.0492
2.9700  0.0493
2.9750  0.0495
2.9800  0.0498
2.9850  0.0502
2.9900  0.0506
2.9950  0.0511
3.0000  0.0515
3.0050  0.0521
3.0100  0.0526
3.0150  0.0530
3.0200  0.0533
3.0250  0.0532
3.0300  0.0530
3.0350  0.0528
3.0400  0.0527
3.0450  0.0530
3.0500  0.0534
3.0550  0.0539
3.0600  0.0543
3.0650  0.0545
3.0700  0.0546
3.0750  0.0547
3.0800  0.0548
3.0850  0.0551
3.0900  0.0554
3.0950  0.0558
3.1000  0.0562
3.1050  0.0567
3.1100  0.0573
3.1150  0.0578
3.1200  0.0583
3.1250  0.0588
3.1300  0.0592
3.1350  0.0596
3.1400  0.0598
3.1450  0.0598
3.1500  0.0597
3.1550  0.0597
3.1600  0.0599
3.1650  0.0605
3.1700  0.0612
3.1750  0.0621
3.1800  0.0629
3.1850  0.0638
3.1900  0.0645
3.1950  0.0650
3.2000  0.0654
3.2050  0.0654
3.2100  0.0653
3.2150  0.0653
3.2200  0.0655
3.2250  0.0660
3.2300  0.0667
3.2350  0.0674
3.2400  0.0679
3.2450  0.0682
3.2500  0.0684
3.2550  0.0685
3.2600  0.0687
3.2650  0.0693
3.2700  0.0700
3.2750  0.0706
3.2800  0.0711
3.2850  0.0710
3.2900  0.0708
3.2950  0.0706
3.3000  0.0705
3.3050  0.0707
3.3100  0.0710
3.3150  0.0714
3.3200  0.0717
3.3250  0.0719
3.3300  0.0719
3.3350  0.0717
3.3400  0.0714
3.3450  0.0710
3.3500  0.0705
3.3550  0.0699
3.3600  0.0692
3.3650  0.0683
3.3700  0.0673
3.3750  0.0663
3.3800  0.0654
3.3850  0.0643
3.3900  0.0634
3.3950  0.0626
3.4000  0.0621
3.4050  0.0615
3.4100  0.0612
3.4150  0.0612
3.4200  0.0616
3.4250  0.0622
3.4300  0.0631
3.4350  0.0642
3.4400  0.0654
3.4450  0.0667
3.4500  0.0680
3.4550  0.0691
3.4600  0.0699
3.4650  0.0704
3.4700  0.0706
3.4750  0.0706
3.4800  0.0705
3.4850  0.0698
3.4900  0.0692
3.4950  0.0689
3.5000  0.0691
3.5050  0.0696
3.5100  0.0707
3.5150  0.0723
3.5200  0.0743
3.5250  0.0770
3.5300  0.0798
3.5350  0.0825
3.5400  0.0849
3.5450  0.0867
3.5500  0.0881
3.5550  0.0892
3.5600  0.0901
3.5650  0.0910
3.5700  0.0918
3.5750  0.0925
3.5800  0.0932
3.5850  0.0940
3.5900  0.0947
3.5950  0.0954
3.6000  0.0960
3.6050  0.0964
3.6100  0.0967
3.6150  0.0971
3.6200  0.0974
3.6250  0.0977
3.6300  0.0981
3.6350  0.0986
3.6400  0.0991
3.6450  0.0997
3.6500  0.1004
3.6550  0.1011
3.6600  0.1016
3.6650  0.1020
3.6700  0.1024
3.6750  0.1027
3.6800  0.1031
3.6850  0.1037
3.6900  0.1044
3.6950  0.1050
3.7000  0.1054
3.7050  0.1055
3.7100  0.1054
3.7150  0.1053
3.7200  0.1053
3.7250  0.1054
3.7300  0.1056
3.7350  0.1059
3.7400  0.1062
3.7450  0.1065
3.7500  0.1068
3.7550  0.1070
3.7600  0.1072
3.7650  0.1072
3.7700  0.1073
3.7750  0.1073
3.7800  0.1074
3.7850  0.1075
3.7900  0.1077
3.7950  0.1079
3.8000  0.1079
3.8050  0.1079
3.8100  0.1078
3.8150  0.1077
3.8200  0.1075
3.8250  0.1073
3.8300  0.1070
3.8350  0.1069
3.8400  0.1068
3.8450  0.1069
3.8500  0.1071
3.8550  0.1072
3.8600  0.1073
3.8650  0.1072
3.8700  0.1071
3.8750  0.1070
3.8800  0.1069
3.8850  0.1070
3.8900  0.1071
3.8950  0.1072
3.9000  0.1071
3.9050  0.1070
3.9100  0.1067
3.9150  0.1063
3.9200  0.1059
3.9250  0.1056
3.9300  0.1053
3.9350  0.1050
3.9400  0.1047
3.9450  0.1046
3.9500  0.1044
3.9550  0.1042
3.9600  0.1039
3.9650  0.1033
3.9700  0.1026
3.9750  0.1022
3.9800  0.1020
3.9850  0.1022
3.9900  0.1028
3.9950  0.1036
4.0000  0.1045
