0.3500  
2.5000
AsphaltRoadBlackOld                 
0.3500  0.0546
0.3505  0.0546
0.3510  0.0546
0.3515  0.0546
0.3520  0.0546
0.3525  0.0546
0.3530  0.0546
0.3535  0.0546
0.3540  0.0546
0.3545  0.0546
0.3550  0.0546
0.3555  0.0546
0.3560  0.0546
0.3565  0.0546
0.3570  0.0546
0.3575  0.0546
0.3580  0.0546
0.3585  0.0547
0.3590  0.0547
0.3595  0.0547
0.3600  0.0547
0.3605  0.0548
0.3610  0.0548
0.3615  0.0548
0.3620  0.0548
0.3625  0.0548
0.3630  0.0549
0.3635  0.0549
0.3640  0.0549
0.3645  0.0549
0.3650  0.0549
0.3655  0.0550
0.3660  0.0550
0.3665  0.0551
0.3670  0.0551
0.3675  0.0552
0.3680  0.0552
0.3685  0.0553
0.3690  0.0554
0.3695  0.0555
0.3700  0.0555
0.3705  0.0556
0.3710  0.0556
0.3715  0.0557
0.3720  0.0558
0.3725  0.0558
0.3730  0.0558
0.3735  0.0559
0.3740  0.0559
0.3745  0.0560
0.3750  0.0561
0.3755  0.0561
0.3760  0.0562
0.3765  0.0563
0.3770  0.0564
0.3775  0.0565
0.3780  0.0566
0.3785  0.0566
0.3790  0.0567
0.3795  0.0568
0.3800  0.0569
0.3805  0.0570
0.3810  0.0570
0.3815  0.0571
0.3820  0.0572
0.3825  0.0573
0.3830  0.0573
0.3835  0.0574
0.3840  0.0575
0.3845  0.0576
0.3850  0.0576
0.3855  0.0577
0.3860  0.0578
0.3865  0.0578
0.3870  0.0579
0.3875  0.0580
0.3880  0.0581
0.3885  0.0582
0.3890  0.0583
0.3895  0.0584
0.3900  0.0585
0.3905  0.0586
0.3910  0.0587
0.3915  0.0588
0.3920  0.0589
0.3925  0.0590
0.3930  0.0590
0.3935  0.0591
0.3940  0.0592
0.3945  0.0593
0.3950  0.0594
0.3955  0.0594
0.3960  0.0595
0.3965  0.0596
0.3970  0.0597
0.3975  0.0598
0.3980  0.0599
0.3985  0.0600
0.3990  0.0601
0.3995  0.0602
0.4000  0.0603
0.4010  0.0604
0.4020  0.0606
0.4030  0.0607
0.4040  0.0608
0.4050  0.0610
0.4060  0.0611
0.4070  0.0613
0.4080  0.0614
0.4090  0.0616
0.4100  0.0617
0.4110  0.0618
0.4120  0.0620
0.4130  0.0622
0.4140  0.0623
0.4150  0.0625
0.4160  0.0626
0.4170  0.0628
0.4180  0.0629
0.4190  0.0631
0.4200  0.0632
0.4210  0.0634
0.4220  0.0636
0.4230  0.0638
0.4240  0.0640
0.4250  0.0641
0.4260  0.0643
0.4270  0.0645
0.4280  0.0647
0.4290  0.0648
0.4300  0.0650
0.4310  0.0652
0.4320  0.0655
0.4330  0.0657
0.4340  0.0659
0.4350  0.0661
0.4360  0.0663
0.4370  0.0665
0.4380  0.0667
0.4390  0.0669
0.4400  0.0671
0.4410  0.0673
0.4420  0.0675
0.4430  0.0677
0.4440  0.0679
0.4450  0.0681
0.4460  0.0683
0.4470  0.0685
0.4480  0.0686
0.4490  0.0688
0.4500  0.0689
0.4510  0.0691
0.4520  0.0692
0.4530  0.0694
0.4540  0.0695
0.4550  0.0697
0.4560  0.0698
0.4570  0.0699
0.4580  0.0700
0.4590  0.0701
0.4600  0.0702
0.4610  0.0704
0.4620  0.0705
0.4630  0.0706
0.4640  0.0707
0.4650  0.0708
0.4660  0.0709
0.4670  0.0710
0.4680  0.0711
0.4690  0.0712
0.4700  0.0713
0.4710  0.0714
0.4720  0.0715
0.4730  0.0716
0.4740  0.0717
0.4750  0.0718
0.4760  0.0719
0.4770  0.0720
0.4780  0.0721
0.4790  0.0723
0.4800  0.0724
0.4810  0.0725
0.4820  0.0726
0.4830  0.0728
0.4840  0.0729
0.4850  0.0731
0.4860  0.0732
0.4870  0.0733
0.4880  0.0735
0.4890  0.0736
0.4900  0.0738
0.4910  0.0740
0.4920  0.0741
0.4930  0.0743
0.4940  0.0745
0.4950  0.0746
0.4960  0.0748
0.4970  0.0750
0.4980  0.0751
0.4990  0.0753
0.5000  0.0755
0.5010  0.0757
0.5020  0.0759
0.5030  0.0761
0.5040  0.0762
0.5050  0.0764
0.5060  0.0766
0.5070  0.0768
0.5080  0.0770
0.5090  0.0772
0.5100  0.0773
0.5110  0.0775
0.5120  0.0777
0.5130  0.0779
0.5140  0.0781
0.5150  0.0783
0.5160  0.0785
0.5170  0.0787
0.5180  0.0789
0.5190  0.0791
0.5200  0.0793
0.5210  0.0795
0.5220  0.0796
0.5230  0.0798
0.5240  0.0800
0.5250  0.0802
0.5260  0.0804
0.5270  0.0806
0.5280  0.0808
0.5290  0.0810
0.5300  0.0812
0.5310  0.0814
0.5320  0.0816
0.5330  0.0818
0.5340  0.0821
0.5350  0.0823
0.5360  0.0825
0.5370  0.0827
0.5380  0.0829
0.5390  0.0831
0.5400  0.0834
0.5410  0.0836
0.5420  0.0838
0.5430  0.0840
0.5440  0.0842
0.5450  0.0844
0.5460  0.0847
0.5470  0.0849
0.5480  0.0851
0.5490  0.0854
0.5500  0.0856
0.5510  0.0858
0.5520  0.0860
0.5530  0.0862
0.5540  0.0865
0.5550  0.0867
0.5560  0.0869
0.5570  0.0872
0.5580  0.0874
0.5590  0.0877
0.5600  0.0879
0.5610  0.0881
0.5620  0.0884
0.5630  0.0886
0.5640  0.0889
0.5650  0.0891
0.5660  0.0894
0.5670  0.0896
0.5680  0.0899
0.5690  0.0901
0.5700  0.0903
0.5710  0.0906
0.5720  0.0908
0.5730  0.0911
0.5740  0.0913
0.5750  0.0915
0.5760  0.0918
0.5770  0.0920
0.5780  0.0922
0.5790  0.0924
0.5800  0.0927
0.5810  0.0929
0.5820  0.0931
0.5830  0.0933
0.5840  0.0935
0.5850  0.0937
0.5860  0.0939
0.5870  0.0942
0.5880  0.0944
0.5890  0.0945
0.5900  0.0947
0.5910  0.0949
0.5920  0.0951
0.5930  0.0953
0.5940  0.0955
0.5950  0.0956
0.5960  0.0958
0.5970  0.0960
0.5980  0.0961
0.5990  0.0963
0.6000  0.0964
0.6010  0.0966
0.6020  0.0967
0.6030  0.0969
0.6040  0.0970
0.6050  0.0971
0.6060  0.0973
0.6070  0.0974
0.6080  0.0975
0.6090  0.0977
0.6100  0.0978
0.6110  0.0979
0.6120  0.0981
0.6130  0.0982
0.6140  0.0983
0.6150  0.0985
0.6160  0.0986
0.6170  0.0987
0.6180  0.0988
0.6190  0.0990
0.6200  0.0991
0.6210  0.0992
0.6220  0.0993
0.6230  0.0995
0.6240  0.0996
0.6250  0.0997
0.6260  0.0998
0.6270  0.0999
0.6280  0.1000
0.6290  0.1001
0.6300  0.1003
0.6310  0.1004
0.6320  0.1005
0.6330  0.1006
0.6340  0.1007
0.6350  0.1008
0.6360  0.1009
0.6370  0.1011
0.6380  0.1012
0.6390  0.1013
0.6400  0.1014
0.6410  0.1015
0.6420  0.1017
0.6430  0.1018
0.6440  0.1019
0.6450  0.1020
0.6460  0.1021
0.6470  0.1023
0.6480  0.1024
0.6490  0.1025
0.6500  0.1026
0.6510  0.1028
0.6520  0.1029
0.6530  0.1030
0.6540  0.1031
0.6550  0.1033
0.6560  0.1034
0.6570  0.1035
0.6580  0.1037
0.6590  0.1038
0.6600  0.1039
0.6610  0.1040
0.6620  0.1042
0.6630  0.1043
0.6640  0.1044
0.6650  0.1045
0.6660  0.1047
0.6670  0.1048
0.6680  0.1049
0.6690  0.1051
0.6700  0.1052
0.6710  0.1053
0.6720  0.1054
0.6730  0.1056
0.6740  0.1057
0.6750  0.1058
0.6760  0.1060
0.6770  0.1061
0.6780  0.1062
0.6790  0.1064
0.6800  0.1065
0.6810  0.1067
0.6820  0.1068
0.6830  0.1069
0.6840  0.1071
0.6850  0.1072
0.6860  0.1073
0.6870  0.1075
0.6880  0.1076
0.6890  0.1078
0.6900  0.1079
0.6910  0.1080
0.6920  0.1082
0.6930  0.1083
0.6940  0.1085
0.6950  0.1086
0.6960  0.1087
0.6970  0.1089
0.6980  0.1090
0.6990  0.1091
0.7000  0.1093
0.7010  0.1094
0.7020  0.1096
0.7030  0.1097
0.7040  0.1098
0.7050  0.1100
0.7060  0.1101
0.7070  0.1103
0.7080  0.1104
0.7090  0.1106
0.7100  0.1107
0.7110  0.1109
0.7120  0.1110
0.7130  0.1111
0.7140  0.1113
0.7150  0.1114
0.7160  0.1116
0.7170  0.1117
0.7180  0.1119
0.7190  0.1120
0.7200  0.1122
0.7210  0.1123
0.7220  0.1124
0.7230  0.1126
0.7240  0.1127
0.7250  0.1129
0.7260  0.1130
0.7270  0.1131
0.7280  0.1133
0.7290  0.1134
0.7300  0.1136
0.7310  0.1137
0.7320  0.1138
0.7330  0.1140
0.7340  0.1141
0.7350  0.1142
0.7360  0.1144
0.7370  0.1145
0.7380  0.1146
0.7390  0.1148
0.7400  0.1149
0.7410  0.1150
0.7420  0.1152
0.7430  0.1153
0.7440  0.1154
0.7450  0.1155
0.7460  0.1157
0.7470  0.1158
0.7480  0.1159
0.7490  0.1161
0.7500  0.1162
0.7510  0.1163
0.7520  0.1164
0.7530  0.1166
0.7540  0.1167
0.7550  0.1168
0.7560  0.1169
0.7570  0.1171
0.7580  0.1172
0.7590  0.1173
0.7600  0.1174
0.7610  0.1175
0.7620  0.1177
0.7630  0.1178
0.7640  0.1179
0.7650  0.1180
0.7660  0.1181
0.7670  0.1182
0.7680  0.1183
0.7690  0.1184
0.7700  0.1186
0.7710  0.1187
0.7720  0.1188
0.7730  0.1189
0.7740  0.1190
0.7750  0.1191
0.7760  0.1192
0.7770  0.1193
0.7780  0.1194
0.7790  0.1195
0.7800  0.1196
0.7810  0.1197
0.7820  0.1198
0.7830  0.1199
0.7840  0.1200
0.7850  0.1201
0.7860  0.1202
0.7870  0.1203
0.7880  0.1204
0.7890  0.1205
0.7900  0.1206
0.7910  0.1207
0.7920  0.1208
0.7930  0.1209
0.7940  0.1210
0.7950  0.1211
0.7960  0.1212
0.7970  0.1213
0.7980  0.1214
0.7990  0.1214
0.8000  0.1215
0.8010  0.1216
0.8020  0.1217
0.8030  0.1218
0.8040  0.1219
0.8050  0.1220
0.8060  0.1221
0.8070  0.1221
0.8080  0.1222
0.8090  0.1223
0.8100  0.1224
0.8110  0.1225
0.8120  0.1226
0.8130  0.1227
0.8140  0.1227
0.8150  0.1228
0.8160  0.1229
0.8170  0.1230
0.8180  0.1231
0.8190  0.1232
0.8200  0.1233
0.8210  0.1234
0.8220  0.1234
0.8230  0.1235
0.8240  0.1236
0.8250  0.1237
0.8260  0.1238
0.8270  0.1238
0.8280  0.1239
0.8290  0.1240
0.8300  0.1241
0.8310  0.1241
0.8320  0.1242
0.8330  0.1243
0.8340  0.1244
0.8350  0.1245
0.8360  0.1245
0.8370  0.1246
0.8380  0.1247
0.8390  0.1248
0.8400  0.1248
0.8410  0.1249
0.8420  0.1250
0.8430  0.1251
0.8440  0.1252
0.8450  0.1252
0.8460  0.1253
0.8470  0.1254
0.8480  0.1255
0.8490  0.1255
0.8500  0.1256
0.8510  0.1257
0.8520  0.1257
0.8530  0.1258
0.8540  0.1259
0.8550  0.1259
0.8560  0.1260
0.8570  0.1261
0.8580  0.1262
0.8590  0.1262
0.8600  0.1263
0.8610  0.1264
0.8620  0.1264
0.8630  0.1265
0.8640  0.1266
0.8650  0.1266
0.8660  0.1267
0.8670  0.1268
0.8680  0.1269
0.8690  0.1269
0.8700  0.1270
0.8710  0.1271
0.8720  0.1271
0.8730  0.1272
0.8740  0.1273
0.8750  0.1274
0.8760  0.1274
0.8770  0.1275
0.8780  0.1276
0.8790  0.1277
0.8800  0.1278
0.8810  0.1278
0.8820  0.1279
0.8830  0.1280
0.8840  0.1281
0.8850  0.1282
0.8860  0.1283
0.8870  0.1283
0.8880  0.1284
0.8890  0.1285
0.8900  0.1286
0.8910  0.1287
0.8920  0.1287
0.8930  0.1288
0.8940  0.1289
0.8950  0.1290
0.8960  0.1291
0.8970  0.1292
0.8980  0.1293
0.8990  0.1293
0.9000  0.1294
0.9010  0.1295
0.9020  0.1296
0.9030  0.1297
0.9040  0.1298
0.9050  0.1298
0.9060  0.1299
0.9070  0.1300
0.9080  0.1301
0.9090  0.1302
0.9100  0.1303
0.9110  0.1303
0.9120  0.1304
0.9130  0.1305
0.9140  0.1306
0.9150  0.1307
0.9160  0.1308
0.9170  0.1309
0.9180  0.1310
0.9190  0.1310
0.9200  0.1311
0.9210  0.1312
0.9220  0.1313
0.9230  0.1314
0.9240  0.1315
0.9250  0.1316
0.9260  0.1317
0.9270  0.1318
0.9280  0.1318
0.9290  0.1319
0.9300  0.1320
0.9310  0.1321
0.9320  0.1322
0.9330  0.1323
0.9340  0.1324
0.9350  0.1325
0.9360  0.1326
0.9370  0.1327
0.9380  0.1328
0.9390  0.1329
0.9400  0.1330
0.9410  0.1330
0.9420  0.1331
0.9430  0.1332
0.9440  0.1333
0.9450  0.1334
0.9460  0.1335
0.9470  0.1336
0.9480  0.1337
0.9490  0.1338
0.9500  0.1339
0.9510  0.1340
0.9520  0.1341
0.9530  0.1342
0.9540  0.1343
0.9550  0.1344
0.9560  0.1345
0.9570  0.1346
0.9580  0.1347
0.9590  0.1348
0.9600  0.1349
0.9610  0.1350
0.9620  0.1351
0.9630  0.1352
0.9640  0.1352
0.9650  0.1353
0.9660  0.1354
0.9670  0.1355
0.9680  0.1356
0.9690  0.1357
0.9700  0.1358
0.9710  0.1359
0.9720  0.1360
0.9730  0.1361
0.9740  0.1362
0.9750  0.1363
0.9760  0.1364
0.9770  0.1365
0.9780  0.1366
0.9790  0.1367
0.9800  0.1368
0.9810  0.1369
0.9820  0.1370
0.9830  0.1371
0.9840  0.1372
0.9850  0.1373
0.9860  0.1374
0.9870  0.1375
0.9880  0.1376
0.9890  0.1376
0.9900  0.1377
0.9910  0.1378
0.9920  0.1379
0.9930  0.1380
0.9940  0.1381
0.9950  0.1381
0.9960  0.1382
0.9970  0.1384
0.9980  0.1385
0.9990  0.1386
1.0000  0.1386
1.0010  0.1385
1.0020  0.1384
1.0030  0.1384
1.0040  0.1383
1.0050  0.1383
1.0060  0.1384
1.0070  0.1386
1.0080  0.1387
1.0090  0.1387
1.0100  0.1388
1.0110  0.1388
1.0120  0.1389
1.0130  0.1391
1.0140  0.1392
1.0150  0.1393
1.0160  0.1393
1.0170  0.1394
1.0180  0.1395
1.0190  0.1396
1.0200  0.1397
1.0210  0.1398
1.0220  0.1399
1.0230  0.1399
1.0240  0.1399
1.0250  0.1400
1.0260  0.1401
1.0270  0.1402
1.0280  0.1403
1.0290  0.1404
1.0300  0.1405
1.0310  0.1406
1.0320  0.1407
1.0330  0.1408
1.0340  0.1409
1.0350  0.1410
1.0360  0.1411
1.0370  0.1412
1.0380  0.1413
1.0390  0.1414
1.0400  0.1414
1.0410  0.1415
1.0420  0.1416
1.0430  0.1417
1.0440  0.1418
1.0450  0.1419
1.0460  0.1419
1.0470  0.1420
1.0480  0.1421
1.0490  0.1422
1.0500  0.1423
1.0510  0.1424
1.0520  0.1425
1.0530  0.1426
1.0540  0.1426
1.0550  0.1427
1.0560  0.1428
1.0570  0.1429
1.0580  0.1430
1.0590  0.1430
1.0600  0.1431
1.0610  0.1432
1.0620  0.1433
1.0630  0.1434
1.0640  0.1435
1.0650  0.1436
1.0660  0.1437
1.0670  0.1438
1.0680  0.1438
1.0690  0.1439
1.0700  0.1440
1.0710  0.1441
1.0720  0.1442
1.0730  0.1443
1.0740  0.1444
1.0750  0.1445
1.0760  0.1445
1.0770  0.1446
1.0780  0.1447
1.0790  0.1448
1.0800  0.1449
1.0810  0.1450
1.0820  0.1451
1.0830  0.1452
1.0840  0.1453
1.0850  0.1453
1.0860  0.1454
1.0870  0.1455
1.0880  0.1456
1.0890  0.1456
1.0900  0.1457
1.0910  0.1458
1.0920  0.1459
1.0930  0.1460
1.0940  0.1461
1.0950  0.1462
1.0960  0.1463
1.0970  0.1464
1.0980  0.1465
1.0990  0.1466
1.1000  0.1467
1.1010  0.1468
1.1020  0.1468
1.1030  0.1469
1.1040  0.1470
1.1050  0.1471
1.1060  0.1472
1.1070  0.1473
1.1080  0.1474
1.1090  0.1476
1.1100  0.1476
1.1110  0.1477
1.1120  0.1478
1.1130  0.1478
1.1140  0.1479
1.1150  0.1480
1.1160  0.1481
1.1170  0.1482
1.1180  0.1483
1.1190  0.1484
1.1200  0.1485
1.1210  0.1486
1.1220  0.1487
1.1230  0.1488
1.1240  0.1490
1.1250  0.1491
1.1260  0.1492
1.1270  0.1492
1.1280  0.1493
1.1290  0.1494
1.1300  0.1495
1.1310  0.1496
1.1320  0.1497
1.1330  0.1498
1.1340  0.1500
1.1350  0.1501
1.1360  0.1502
1.1370  0.1503
1.1380  0.1504
1.1390  0.1505
1.1400  0.1506
1.1410  0.1507
1.1420  0.1508
1.1430  0.1509
1.1440  0.1510
1.1450  0.1511
1.1460  0.1512
1.1470  0.1513
1.1480  0.1514
1.1490  0.1515
1.1500  0.1516
1.1510  0.1517
1.1520  0.1518
1.1530  0.1519
1.1540  0.1520
1.1550  0.1521
1.1560  0.1522
1.1570  0.1523
1.1580  0.1524
1.1590  0.1525
1.1600  0.1525
1.1610  0.1526
1.1620  0.1527
1.1630  0.1528
1.1640  0.1529
1.1650  0.1530
1.1660  0.1531
1.1670  0.1532
1.1680  0.1533
1.1690  0.1534
1.1700  0.1535
1.1710  0.1536
1.1720  0.1537
1.1730  0.1538
1.1740  0.1538
1.1750  0.1539
1.1760  0.1540
1.1770  0.1541
1.1780  0.1541
1.1790  0.1542
1.1800  0.1543
1.1810  0.1544
1.1820  0.1545
1.1830  0.1546
1.1840  0.1547
1.1850  0.1548
1.1860  0.1549
1.1870  0.1549
1.1880  0.1550
1.1890  0.1551
1.1900  0.1552
1.1910  0.1553
1.1920  0.1554
1.1930  0.1555
1.1940  0.1555
1.1950  0.1556
1.1960  0.1557
1.1970  0.1558
1.1980  0.1559
1.1990  0.1560
1.2000  0.1560
1.2010  0.1561
1.2020  0.1562
1.2030  0.1563
1.2040  0.1564
1.2050  0.1565
1.2060  0.1566
1.2070  0.1567
1.2080  0.1568
1.2090  0.1569
1.2100  0.1570
1.2110  0.1571
1.2120  0.1572
1.2130  0.1572
1.2140  0.1573
1.2150  0.1574
1.2160  0.1575
1.2170  0.1576
1.2180  0.1577
1.2190  0.1578
1.2200  0.1579
1.2210  0.1580
1.2220  0.1581
1.2230  0.1582
1.2240  0.1583
1.2250  0.1583
1.2260  0.1584
1.2270  0.1586
1.2280  0.1586
1.2290  0.1587
1.2300  0.1588
1.2310  0.1589
1.2320  0.1590
1.2330  0.1591
1.2340  0.1592
1.2350  0.1593
1.2360  0.1594
1.2370  0.1595
1.2380  0.1596
1.2390  0.1597
1.2400  0.1598
1.2410  0.1599
1.2420  0.1599
1.2430  0.1600
1.2440  0.1601
1.2450  0.1602
1.2460  0.1603
1.2470  0.1604
1.2480  0.1605
1.2490  0.1606
1.2500  0.1607
1.2510  0.1608
1.2520  0.1609
1.2530  0.1610
1.2540  0.1611
1.2550  0.1612
1.2560  0.1613
1.2570  0.1613
1.2580  0.1614
1.2590  0.1615
1.2600  0.1616
1.2610  0.1617
1.2620  0.1618
1.2630  0.1619
1.2640  0.1620
1.2650  0.1621
1.2660  0.1622
1.2670  0.1623
1.2680  0.1623
1.2690  0.1624
1.2700  0.1625
1.2710  0.1626
1.2720  0.1627
1.2730  0.1628
1.2740  0.1629
1.2750  0.1630
1.2760  0.1631
1.2770  0.1632
1.2780  0.1633
1.2790  0.1634
1.2800  0.1635
1.2810  0.1636
1.2820  0.1637
1.2830  0.1638
1.2840  0.1638
1.2850  0.1639
1.2860  0.1640
1.2870  0.1641
1.2880  0.1642
1.2890  0.1643
1.2900  0.1644
1.2910  0.1644
1.2920  0.1645
1.2930  0.1646
1.2940  0.1647
1.2950  0.1648
1.2960  0.1649
1.2970  0.1650
1.2980  0.1651
1.2990  0.1652
1.3000  0.1653
1.3010  0.1654
1.3020  0.1655
1.3030  0.1656
1.3040  0.1657
1.3050  0.1657
1.3060  0.1658
1.3070  0.1659
1.3080  0.1660
1.3090  0.1661
1.3100  0.1662
1.3110  0.1663
1.3120  0.1664
1.3130  0.1665
1.3140  0.1666
1.3150  0.1667
1.3160  0.1669
1.3170  0.1670
1.3180  0.1671
1.3190  0.1671
1.3200  0.1672
1.3210  0.1673
1.3220  0.1674
1.3230  0.1675
1.3240  0.1676
1.3250  0.1677
1.3260  0.1678
1.3270  0.1679
1.3280  0.1680
1.3290  0.1681
1.3300  0.1682
1.3310  0.1683
1.3320  0.1684
1.3330  0.1685
1.3340  0.1686
1.3350  0.1687
1.3360  0.1688
1.3370  0.1689
1.3380  0.1690
1.3390  0.1691
1.3400  0.1692
1.3410  0.1693
1.3420  0.1694
1.3430  0.1695
1.3440  0.1696
1.3450  0.1697
1.3460  0.1698
1.3470  0.1699
1.3480  0.1700
1.3490  0.1701
1.3500  0.1701
1.3510  0.1702
1.3520  0.1703
1.3530  0.1704
1.3540  0.1705
1.3550  0.1706
1.3560  0.1706
1.3570  0.1707
1.3580  0.1708
1.3590  0.1709
1.3600  0.1710
1.3610  0.1711
1.3620  0.1711
1.3630  0.1712
1.3640  0.1713
1.3650  0.1713
1.3660  0.1714
1.3670  0.1715
1.3680  0.1715
1.3690  0.1716
1.3700  0.1716
1.3710  0.1717
1.3720  0.1717
1.3730  0.1718
1.3740  0.1718
1.3750  0.1718
1.3760  0.1719
1.3770  0.1719
1.3780  0.1719
1.3790  0.1720
1.3800  0.1720
1.3810  0.1720
1.3820  0.1720
1.3830  0.1720
1.3840  0.1720
1.3850  0.1719
1.3860  0.1719
1.3870  0.1718
1.3880  0.1717
1.3890  0.1716
1.3900  0.1715
1.3910  0.1714
1.3920  0.1713
1.3930  0.1712
1.3940  0.1710
1.3950  0.1709
1.3960  0.1707
1.3970  0.1705
1.3980  0.1704
1.3990  0.1702
1.4000  0.1700
1.4010  0.1699
1.4020  0.1697
1.4030  0.1695
1.4040  0.1694
1.4050  0.1693
1.4060  0.1691
1.4070  0.1690
1.4080  0.1689
1.4090  0.1689
1.4100  0.1689
1.4110  0.1689
1.4120  0.1689
1.4130  0.1690
1.4140  0.1692
1.4150  0.1694
1.4160  0.1696
1.4170  0.1699
1.4180  0.1702
1.4190  0.1706
1.4200  0.1710
1.4210  0.1713
1.4220  0.1717
1.4230  0.1721
1.4240  0.1725
1.4250  0.1728
1.4260  0.1732
1.4270  0.1735
1.4280  0.1739
1.4290  0.1742
1.4300  0.1745
1.4310  0.1747
1.4320  0.1750
1.4330  0.1752
1.4340  0.1754
1.4350  0.1757
1.4360  0.1759
1.4370  0.1761
1.4380  0.1762
1.4390  0.1764
1.4400  0.1766
1.4410  0.1768
1.4420  0.1769
1.4430  0.1771
1.4440  0.1772
1.4450  0.1774
1.4460  0.1775
1.4470  0.1777
1.4480  0.1778
1.4490  0.1780
1.4500  0.1781
1.4510  0.1782
1.4520  0.1783
1.4530  0.1784
1.4540  0.1786
1.4550  0.1787
1.4560  0.1788
1.4570  0.1789
1.4580  0.1790
1.4590  0.1791
1.4600  0.1793
1.4610  0.1794
1.4620  0.1795
1.4630  0.1796
1.4640  0.1797
1.4650  0.1799
1.4660  0.1800
1.4670  0.1801
1.4680  0.1802
1.4690  0.1803
1.4700  0.1805
1.4710  0.1806
1.4720  0.1807
1.4730  0.1808
1.4740  0.1809
1.4750  0.1811
1.4760  0.1812
1.4770  0.1813
1.4780  0.1814
1.4790  0.1815
1.4800  0.1817
1.4810  0.1818
1.4820  0.1819
1.4830  0.1820
1.4840  0.1822
1.4850  0.1823
1.4860  0.1824
1.4870  0.1825
1.4880  0.1826
1.4890  0.1827
1.4900  0.1829
1.4910  0.1830
1.4920  0.1831
1.4930  0.1832
1.4940  0.1833
1.4950  0.1834
1.4960  0.1835
1.4970  0.1837
1.4980  0.1838
1.4990  0.1839
1.5000  0.1840
1.5010  0.1841
1.5020  0.1842
1.5030  0.1843
1.5040  0.1845
1.5050  0.1846
1.5060  0.1847
1.5070  0.1848
1.5080  0.1849
1.5090  0.1850
1.5100  0.1851
1.5110  0.1852
1.5120  0.1854
1.5130  0.1855
1.5140  0.1856
1.5150  0.1857
1.5160  0.1858
1.5170  0.1859
1.5180  0.1860
1.5190  0.1861
1.5200  0.1862
1.5210  0.1863
1.5220  0.1864
1.5230  0.1865
1.5240  0.1866
1.5250  0.1867
1.5260  0.1868
1.5270  0.1869
1.5280  0.1870
1.5290  0.1871
1.5300  0.1872
1.5310  0.1873
1.5320  0.1874
1.5330  0.1875
1.5340  0.1876
1.5350  0.1877
1.5360  0.1878
1.5370  0.1879
1.5380  0.1880
1.5390  0.1881
1.5400  0.1882
1.5410  0.1883
1.5420  0.1884
1.5430  0.1885
1.5440  0.1886
1.5450  0.1887
1.5460  0.1888
1.5470  0.1889
1.5480  0.1890
1.5490  0.1891
1.5500  0.1892
1.5510  0.1893
1.5520  0.1894
1.5530  0.1895
1.5540  0.1896
1.5550  0.1897
1.5560  0.1898
1.5570  0.1899
1.5580  0.1901
1.5590  0.1902
1.5600  0.1903
1.5610  0.1904
1.5620  0.1905
1.5630  0.1906
1.5640  0.1907
1.5650  0.1908
1.5660  0.1909
1.5670  0.1910
1.5680  0.1911
1.5690  0.1912
1.5700  0.1913
1.5710  0.1914
1.5720  0.1915
1.5730  0.1916
1.5740  0.1917
1.5750  0.1918
1.5760  0.1919
1.5770  0.1920
1.5780  0.1921
1.5790  0.1922
1.5800  0.1923
1.5810  0.1924
1.5820  0.1925
1.5830  0.1926
1.5840  0.1927
1.5850  0.1928
1.5860  0.1929
1.5870  0.1930
1.5880  0.1931
1.5890  0.1932
1.5900  0.1933
1.5910  0.1934
1.5920  0.1935
1.5930  0.1936
1.5940  0.1937
1.5950  0.1938
1.5960  0.1939
1.5970  0.1940
1.5980  0.1941
1.5990  0.1942
1.6000  0.1943
1.6010  0.1944
1.6020  0.1945
1.6030  0.1946
1.6040  0.1947
1.6050  0.1948
1.6060  0.1950
1.6070  0.1951
1.6080  0.1952
1.6090  0.1953
1.6100  0.1954
1.6110  0.1955
1.6120  0.1956
1.6130  0.1957
1.6140  0.1957
1.6150  0.1958
1.6160  0.1959
1.6170  0.1960
1.6180  0.1961
1.6190  0.1962
1.6200  0.1963
1.6210  0.1964
1.6220  0.1964
1.6230  0.1965
1.6240  0.1966
1.6250  0.1967
1.6260  0.1968
1.6270  0.1969
1.6280  0.1970
1.6290  0.1971
1.6300  0.1972
1.6310  0.1973
1.6320  0.1973
1.6330  0.1974
1.6340  0.1975
1.6350  0.1976
1.6360  0.1976
1.6370  0.1977
1.6380  0.1978
1.6390  0.1979
1.6400  0.1980
1.6410  0.1981
1.6420  0.1982
1.6430  0.1983
1.6440  0.1983
1.6450  0.1984
1.6460  0.1985
1.6470  0.1986
1.6480  0.1987
1.6490  0.1988
1.6500  0.1989
1.6510  0.1990
1.6520  0.1990
1.6530  0.1991
1.6540  0.1992
1.6550  0.1992
1.6560  0.1993
1.6570  0.1994
1.6580  0.1994
1.6590  0.1995
1.6600  0.1995
1.6610  0.1996
1.6620  0.1996
1.6630  0.1997
1.6640  0.1998
1.6650  0.1998
1.6660  0.1999
1.6670  0.1999
1.6680  0.2000
1.6690  0.2000
1.6700  0.2000
1.6710  0.2001
1.6720  0.2001
1.6730  0.2001
1.6740  0.2001
1.6750  0.2002
1.6760  0.2002
1.6770  0.2003
1.6780  0.2003
1.6790  0.2003
1.6800  0.2004
1.6810  0.2004
1.6820  0.2004
1.6830  0.2005
1.6840  0.2005
1.6850  0.2005
1.6860  0.2005
1.6870  0.2005
1.6880  0.2005
1.6890  0.2005
1.6900  0.2005
1.6910  0.2005
1.6920  0.2005
1.6930  0.2006
1.6940  0.2006
1.6950  0.2006
1.6960  0.2006
1.6970  0.2006
1.6980  0.2007
1.6990  0.2007
1.7000  0.2007
1.7020  0.2007
1.7050  0.2008
1.7100  0.2010
1.7150  0.2012
1.7200  0.2012
1.7250  0.2014
1.7300  0.2018
1.7350  0.2025
1.7400  0.2033
1.7450  0.2040
1.7500  0.2043
1.7550  0.2045
1.7600  0.2049
1.7650  0.2053
1.7700  0.2060
1.7750  0.2068
1.7800  0.2077
1.7850  0.2083
1.7900  0.2089
1.7950  0.2095
1.8000  0.2097
1.8050  0.2095
1.8100  0.2099
1.8150  0.2102
1.8200  0.2106
1.8250  0.2110
1.8300  0.2114
1.8350  0.2118
1.8400  0.2121
1.8450  0.2126
1.8500  0.2131
1.8550  0.2134
1.8600  0.2138
1.8650  0.2139
1.8700  0.2139
1.8750  0.2135
1.8800  0.2127
1.8850  0.2114
1.8900  0.2093
1.8950  0.2066
1.9000  0.2036
1.9050  0.2013
1.9100  0.2004
1.9150  0.2006
1.9200  0.2016
1.9250  0.2027
1.9300  0.2039
1.9350  0.2049
1.9400  0.2059
1.9450  0.2068
1.9500  0.2076
1.9550  0.2083
1.9600  0.2090
1.9650  0.2096
1.9700  0.2103
1.9750  0.2110
1.9800  0.2117
1.9850  0.2125
1.9900  0.2133
1.9950  0.2140
2.0000  0.2148
2.0050  0.2156
2.0100  0.2163
2.0150  0.2171
2.0200  0.2178
2.0250  0.2185
2.0300  0.2192
2.0350  0.2198
2.0400  0.2204
2.0450  0.2209
2.0500  0.2216
2.0550  0.2221
2.0600  0.2225
2.0650  0.2229
2.0700  0.2233
2.0750  0.2236
2.0800  0.2239
2.0850  0.2240
2.0900  0.2243
2.0950  0.2243
2.1000  0.2243
2.1050  0.2244
2.1100  0.2244
2.1150  0.2244
2.1200  0.2244
2.1250  0.2243
2.1300  0.2242
2.1350  0.2238
2.1400  0.2233
2.1450  0.2225
2.1500  0.2217
2.1550  0.2206
2.1600  0.2196
2.1650  0.2188
2.1700  0.2178
2.1750  0.2166
2.1800  0.2149
2.1850  0.2128
2.1900  0.2107
2.1950  0.2089
2.2000  0.2076
2.2050  0.2072
2.2100  0.2083
2.2150  0.2105
2.2200  0.2128
2.2250  0.2143
2.2300  0.2153
2.2350  0.2156
2.2400  0.2156
2.2450  0.2151
2.2500  0.2142
2.2550  0.2127
2.2600  0.2105
2.2650  0.2079
2.2700  0.2052
2.2750  0.2030
2.2800  0.2013
2.2850  0.1999
2.2900  0.1979
2.2950  0.1950
2.3000  0.1911
2.3050  0.1875
2.3100  0.1860
2.3150  0.1871
2.3200  0.1890
2.3250  0.1903
2.3300  0.1903
2.3350  0.1891
2.3400  0.1867
2.3450  0.1844
2.3500  0.1838
2.3550  0.1850
2.3600  0.1869
2.3650  0.1881
2.3700  0.1883
2.3750  0.1883
2.3800  0.1880
2.3850  0.1876
2.3900  0.1875
2.3950  0.1871
2.4000  0.1868
2.4050  0.1868
2.4100  0.1867
2.4150  0.1863
2.4200  0.1857
2.4250  0.1849
2.4300  0.1844
2.4350  0.1839
2.4400  0.1835
2.4450  0.1829
2.4500  0.1818
2.4550  0.1818
2.4600  0.1815
2.4650  0.1814
2.4700  0.1821
2.4750  0.1837
2.4800  0.1840
2.4850  0.1856
2.4900  0.1864
2.4950  0.1860
2.5000  0.1876
