0.3500
2.5000
BrickPavingDarkGray                 
0.3500  0.0658
0.3505  0.0658
0.3510  0.0659
0.3515  0.0659
0.3520  0.0659
0.3525  0.0659
0.3530  0.0658
0.3535  0.0658
0.3540  0.0658
0.3545  0.0658
0.3550  0.0658
0.3555  0.0658
0.3560  0.0658
0.3565  0.0658
0.3570  0.0658
0.3575  0.0658
0.3580  0.0657
0.3585  0.0657
0.3590  0.0657
0.3595  0.0657
0.3600  0.0657
0.3605  0.0656
0.3610  0.0656
0.3615  0.0656
0.3620  0.0656
0.3625  0.0655
0.3630  0.0655
0.3635  0.0655
0.3640  0.0655
0.3645  0.0655
0.3650  0.0654
0.3655  0.0654
0.3660  0.0654
0.3665  0.0653
0.3670  0.0653
0.3675  0.0653
0.3680  0.0653
0.3685  0.0652
0.3690  0.0652
0.3695  0.0652
0.3700  0.0652
0.3705  0.0652
0.3710  0.0652
0.3715  0.0653
0.3720  0.0653
0.3725  0.0653
0.3730  0.0654
0.3735  0.0654
0.3740  0.0655
0.3745  0.0655
0.3750  0.0655
0.3755  0.0655
0.3760  0.0656
0.3765  0.0656
0.3770  0.0656
0.3775  0.0656
0.3780  0.0656
0.3785  0.0656
0.3790  0.0656
0.3795  0.0656
0.3800  0.0656
0.3805  0.0656
0.3810  0.0657
0.3815  0.0657
0.3820  0.0657
0.3825  0.0658
0.3830  0.0658
0.3835  0.0658
0.3840  0.0658
0.3845  0.0658
0.3850  0.0658
0.3855  0.0659
0.3860  0.0659
0.3865  0.0659
0.3870  0.0659
0.3875  0.0659
0.3880  0.0659
0.3885  0.0659
0.3890  0.0659
0.3895  0.0659
0.3900  0.0659
0.3905  0.0659
0.3910  0.0659
0.3915  0.0660
0.3920  0.0660
0.3925  0.0661
0.3930  0.0661
0.3935  0.0661
0.3940  0.0662
0.3945  0.0662
0.3950  0.0662
0.3955  0.0662
0.3960  0.0661
0.3965  0.0661
0.3970  0.0661
0.3975  0.0661
0.3980  0.0661
0.3985  0.0662
0.3990  0.0662
0.3995  0.0662
0.4000  0.0663
0.4010  0.0663
0.4020  0.0663
0.4030  0.0663
0.4040  0.0664
0.4050  0.0664
0.4060  0.0664
0.4070  0.0665
0.4080  0.0665
0.4090  0.0665
0.4100  0.0665
0.4110  0.0665
0.4120  0.0665
0.4130  0.0666
0.4140  0.0666
0.4150  0.0667
0.4160  0.0667
0.4170  0.0667
0.4180  0.0667
0.4190  0.0668
0.4200  0.0668
0.4210  0.0668
0.4220  0.0669
0.4230  0.0669
0.4240  0.0669
0.4250  0.0670
0.4260  0.0670
0.4270  0.0671
0.4280  0.0672
0.4290  0.0672
0.4300  0.0673
0.4310  0.0673
0.4320  0.0674
0.4330  0.0675
0.4340  0.0675
0.4350  0.0676
0.4360  0.0677
0.4370  0.0677
0.4380  0.0678
0.4390  0.0679
0.4400  0.0679
0.4410  0.0680
0.4420  0.0681
0.4430  0.0681
0.4440  0.0682
0.4450  0.0682
0.4460  0.0683
0.4470  0.0684
0.4480  0.0684
0.4490  0.0685
0.4500  0.0685
0.4510  0.0686
0.4520  0.0686
0.4530  0.0686
0.4540  0.0687
0.4550  0.0687
0.4560  0.0688
0.4570  0.0688
0.4580  0.0689
0.4590  0.0689
0.4600  0.0689
0.4610  0.0690
0.4620  0.0690
0.4630  0.0690
0.4640  0.0691
0.4650  0.0691
0.4660  0.0691
0.4670  0.0692
0.4680  0.0692
0.4690  0.0692
0.4700  0.0692
0.4710  0.0693
0.4720  0.0693
0.4730  0.0693
0.4740  0.0694
0.4750  0.0694
0.4760  0.0694
0.4770  0.0695
0.4780  0.0695
0.4790  0.0696
0.4800  0.0696
0.4810  0.0696
0.4820  0.0697
0.4830  0.0697
0.4840  0.0698
0.4850  0.0698
0.4860  0.0699
0.4870  0.0699
0.4880  0.0700
0.4890  0.0700
0.4900  0.0701
0.4910  0.0701
0.4920  0.0702
0.4930  0.0702
0.4940  0.0703
0.4950  0.0704
0.4960  0.0704
0.4970  0.0705
0.4980  0.0705
0.4990  0.0706
0.5000  0.0707
0.5010  0.0707
0.5020  0.0708
0.5030  0.0709
0.5040  0.0709
0.5050  0.0710
0.5060  0.0710
0.5070  0.0711
0.5080  0.0712
0.5090  0.0712
0.5100  0.0713
0.5110  0.0713
0.5120  0.0714
0.5130  0.0714
0.5140  0.0715
0.5150  0.0716
0.5160  0.0716
0.5170  0.0717
0.5180  0.0717
0.5190  0.0718
0.5200  0.0719
0.5210  0.0719
0.5220  0.0720
0.5230  0.0720
0.5240  0.0721
0.5250  0.0721
0.5260  0.0722
0.5270  0.0723
0.5280  0.0723
0.5290  0.0724
0.5300  0.0724
0.5310  0.0725
0.5320  0.0725
0.5330  0.0726
0.5340  0.0727
0.5350  0.0727
0.5360  0.0728
0.5370  0.0728
0.5380  0.0729
0.5390  0.0730
0.5400  0.0730
0.5410  0.0731
0.5420  0.0731
0.5430  0.0732
0.5440  0.0732
0.5450  0.0733
0.5460  0.0734
0.5470  0.0734
0.5480  0.0735
0.5490  0.0736
0.5500  0.0736
0.5510  0.0737
0.5520  0.0738
0.5530  0.0739
0.5540  0.0739
0.5550  0.0740
0.5560  0.0741
0.5570  0.0741
0.5580  0.0742
0.5590  0.0743
0.5600  0.0744
0.5610  0.0744
0.5620  0.0745
0.5630  0.0746
0.5640  0.0747
0.5650  0.0748
0.5660  0.0748
0.5670  0.0749
0.5680  0.0750
0.5690  0.0751
0.5700  0.0751
0.5710  0.0752
0.5720  0.0753
0.5730  0.0754
0.5740  0.0755
0.5750  0.0755
0.5760  0.0756
0.5770  0.0757
0.5780  0.0757
0.5790  0.0758
0.5800  0.0759
0.5810  0.0759
0.5820  0.0760
0.5830  0.0760
0.5840  0.0761
0.5850  0.0762
0.5860  0.0762
0.5870  0.0763
0.5880  0.0763
0.5890  0.0764
0.5900  0.0764
0.5910  0.0765
0.5920  0.0765
0.5930  0.0766
0.5940  0.0766
0.5950  0.0766
0.5960  0.0767
0.5970  0.0767
0.5980  0.0767
0.5990  0.0768
0.6000  0.0768
0.6010  0.0769
0.6020  0.0769
0.6030  0.0769
0.6040  0.0770
0.6050  0.0770
0.6060  0.0770
0.6070  0.0771
0.6080  0.0771
0.6090  0.0771
0.6100  0.0772
0.6110  0.0772
0.6120  0.0772
0.6130  0.0773
0.6140  0.0773
0.6150  0.0773
0.6160  0.0773
0.6170  0.0774
0.6180  0.0774
0.6190  0.0774
0.6200  0.0775
0.6210  0.0775
0.6220  0.0775
0.6230  0.0775
0.6240  0.0776
0.6250  0.0776
0.6260  0.0776
0.6270  0.0777
0.6280  0.0777
0.6290  0.0777
0.6300  0.0778
0.6310  0.0778
0.6320  0.0778
0.6330  0.0778
0.6340  0.0779
0.6350  0.0779
0.6360  0.0779
0.6370  0.0780
0.6380  0.0780
0.6390  0.0781
0.6400  0.0781
0.6410  0.0781
0.6420  0.0782
0.6430  0.0782
0.6440  0.0782
0.6450  0.0783
0.6460  0.0783
0.6470  0.0784
0.6480  0.0784
0.6490  0.0785
0.6500  0.0785
0.6510  0.0785
0.6520  0.0786
0.6530  0.0786
0.6540  0.0787
0.6550  0.0787
0.6560  0.0788
0.6570  0.0788
0.6580  0.0789
0.6590  0.0789
0.6600  0.0790
0.6610  0.0790
0.6620  0.0791
0.6630  0.0791
0.6640  0.0792
0.6650  0.0792
0.6660  0.0793
0.6670  0.0793
0.6680  0.0794
0.6690  0.0794
0.6700  0.0795
0.6710  0.0796
0.6720  0.0796
0.6730  0.0797
0.6740  0.0797
0.6750  0.0798
0.6760  0.0798
0.6770  0.0799
0.6780  0.0799
0.6790  0.0800
0.6800  0.0800
0.6810  0.0801
0.6820  0.0801
0.6830  0.0802
0.6840  0.0803
0.6850  0.0803
0.6860  0.0804
0.6870  0.0804
0.6880  0.0805
0.6890  0.0805
0.6900  0.0806
0.6910  0.0807
0.6920  0.0807
0.6930  0.0808
0.6940  0.0808
0.6950  0.0809
0.6960  0.0809
0.6970  0.0810
0.6980  0.0810
0.6990  0.0811
0.7000  0.0812
0.7010  0.0812
0.7020  0.0813
0.7030  0.0813
0.7040  0.0814
0.7050  0.0814
0.7060  0.0815
0.7070  0.0815
0.7080  0.0816
0.7090  0.0817
0.7100  0.0817
0.7110  0.0818
0.7120  0.0818
0.7130  0.0819
0.7140  0.0819
0.7150  0.0820
0.7160  0.0820
0.7170  0.0821
0.7180  0.0821
0.7190  0.0822
0.7200  0.0822
0.7210  0.0823
0.7220  0.0823
0.7230  0.0824
0.7240  0.0824
0.7250  0.0825
0.7260  0.0825
0.7270  0.0826
0.7280  0.0826
0.7290  0.0827
0.7300  0.0827
0.7310  0.0828
0.7320  0.0828
0.7330  0.0829
0.7340  0.0829
0.7350  0.0830
0.7360  0.0830
0.7370  0.0830
0.7380  0.0831
0.7390  0.0831
0.7400  0.0832
0.7410  0.0832
0.7420  0.0832
0.7430  0.0833
0.7440  0.0833
0.7450  0.0834
0.7460  0.0834
0.7470  0.0834
0.7480  0.0835
0.7490  0.0835
0.7500  0.0836
0.7510  0.0836
0.7520  0.0836
0.7530  0.0837
0.7540  0.0837
0.7550  0.0837
0.7560  0.0838
0.7570  0.0838
0.7580  0.0838
0.7590  0.0838
0.7600  0.0839
0.7610  0.0839
0.7620  0.0839
0.7630  0.0840
0.7640  0.0840
0.7650  0.0840
0.7660  0.0840
0.7670  0.0841
0.7680  0.0841
0.7690  0.0841
0.7700  0.0841
0.7710  0.0841
0.7720  0.0842
0.7730  0.0842
0.7740  0.0842
0.7750  0.0842
0.7760  0.0842
0.7770  0.0843
0.7780  0.0843
0.7790  0.0843
0.7800  0.0843
0.7810  0.0843
0.7820  0.0843
0.7830  0.0843
0.7840  0.0843
0.7850  0.0844
0.7860  0.0844
0.7870  0.0844
0.7880  0.0844
0.7890  0.0844
0.7900  0.0844
0.7910  0.0844
0.7920  0.0844
0.7930  0.0844
0.7940  0.0844
0.7950  0.0844
0.7960  0.0844
0.7970  0.0844
0.7980  0.0844
0.7990  0.0844
0.8000  0.0844
0.8010  0.0844
0.8020  0.0844
0.8030  0.0844
0.8040  0.0844
0.8050  0.0844
0.8060  0.0844
0.8070  0.0844
0.8080  0.0844
0.8090  0.0844
0.8100  0.0844
0.8110  0.0844
0.8120  0.0844
0.8130  0.0844
0.8140  0.0843
0.8150  0.0843
0.8160  0.0843
0.8170  0.0843
0.8180  0.0843
0.8190  0.0843
0.8200  0.0843
0.8210  0.0843
0.8220  0.0842
0.8230  0.0842
0.8240  0.0842
0.8250  0.0842
0.8260  0.0842
0.8270  0.0842
0.8280  0.0842
0.8290  0.0841
0.8300  0.0841
0.8310  0.0841
0.8320  0.0841
0.8330  0.0841
0.8340  0.0840
0.8350  0.0840
0.8360  0.0840
0.8370  0.0840
0.8380  0.0839
0.8390  0.0839
0.8400  0.0839
0.8410  0.0839
0.8420  0.0838
0.8430  0.0838
0.8440  0.0838
0.8450  0.0837
0.8460  0.0837
0.8470  0.0837
0.8480  0.0837
0.8490  0.0836
0.8500  0.0836
0.8510  0.0836
0.8520  0.0835
0.8530  0.0835
0.8540  0.0835
0.8550  0.0835
0.8560  0.0834
0.8570  0.0834
0.8580  0.0834
0.8590  0.0833
0.8600  0.0833
0.8610  0.0832
0.8620  0.0832
0.8630  0.0832
0.8640  0.0831
0.8650  0.0831
0.8660  0.0831
0.8670  0.0830
0.8680  0.0830
0.8690  0.0830
0.8700  0.0829
0.8710  0.0829
0.8720  0.0829
0.8730  0.0828
0.8740  0.0828
0.8750  0.0827
0.8760  0.0827
0.8770  0.0827
0.8780  0.0826
0.8790  0.0826
0.8800  0.0826
0.8810  0.0825
0.8820  0.0825
0.8830  0.0825
0.8840  0.0824
0.8850  0.0824
0.8860  0.0824
0.8870  0.0823
0.8880  0.0823
0.8890  0.0822
0.8900  0.0822
0.8910  0.0822
0.8920  0.0821
0.8930  0.0821
0.8940  0.0820
0.8950  0.0820
0.8960  0.0820
0.8970  0.0819
0.8980  0.0819
0.8990  0.0818
0.9000  0.0818
0.9010  0.0818
0.9020  0.0817
0.9030  0.0817
0.9040  0.0816
0.9050  0.0816
0.9060  0.0816
0.9070  0.0815
0.9080  0.0815
0.9090  0.0814
0.9100  0.0814
0.9110  0.0814
0.9120  0.0813
0.9130  0.0813
0.9140  0.0812
0.9150  0.0812
0.9160  0.0811
0.9170  0.0811
0.9180  0.0811
0.9190  0.0810
0.9200  0.0810
0.9210  0.0810
0.9220  0.0809
0.9230  0.0809
0.9240  0.0808
0.9250  0.0808
0.9260  0.0807
0.9270  0.0807
0.9280  0.0807
0.9290  0.0806
0.9300  0.0806
0.9310  0.0805
0.9320  0.0805
0.9330  0.0805
0.9340  0.0804
0.9350  0.0804
0.9360  0.0803
0.9370  0.0803
0.9380  0.0803
0.9390  0.0802
0.9400  0.0802
0.9410  0.0801
0.9420  0.0801
0.9430  0.0800
0.9440  0.0800
0.9450  0.0800
0.9460  0.0799
0.9470  0.0799
0.9480  0.0798
0.9490  0.0798
0.9500  0.0798
0.9510  0.0797
0.9520  0.0797
0.9530  0.0797
0.9540  0.0796
0.9550  0.0796
0.9560  0.0795
0.9570  0.0794
0.9580  0.0794
0.9590  0.0794
0.9600  0.0793
0.9610  0.0793
0.9620  0.0793
0.9630  0.0792
0.9640  0.0792
0.9650  0.0792
0.9660  0.0791
0.9670  0.0791
0.9680  0.0790
0.9690  0.0790
0.9700  0.0789
0.9710  0.0789
0.9720  0.0789
0.9730  0.0788
0.9740  0.0788
0.9750  0.0787
0.9760  0.0787
0.9770  0.0787
0.9780  0.0786
0.9790  0.0786
0.9800  0.0786
0.9810  0.0785
0.9820  0.0785
0.9830  0.0784
0.9840  0.0784
0.9850  0.0783
0.9860  0.0783
0.9870  0.0783
0.9880  0.0782
0.9890  0.0782
0.9900  0.0781
0.9910  0.0781
0.9920  0.0781
0.9930  0.0780
0.9940  0.0780
0.9950  0.0780
0.9960  0.0779
0.9970  0.0779
0.9980  0.0778
0.9990  0.0778
1.0000  0.0777
1.0010  0.0778
1.0020  0.0778
1.0030  0.0779
1.0040  0.0780
1.0050  0.0780
1.0060  0.0780
1.0070  0.0779
1.0080  0.0778
1.0090  0.0777
1.0100  0.0776
1.0110  0.0776
1.0120  0.0776
1.0130  0.0776
1.0140  0.0776
1.0150  0.0776
1.0160  0.0775
1.0170  0.0774
1.0180  0.0773
1.0190  0.0773
1.0200  0.0772
1.0210  0.0772
1.0220  0.0771
1.0230  0.0770
1.0240  0.0769
1.0250  0.0768
1.0260  0.0768
1.0270  0.0768
1.0280  0.0768
1.0290  0.0767
1.0300  0.0766
1.0310  0.0766
1.0320  0.0766
1.0330  0.0767
1.0340  0.0767
1.0350  0.0766
1.0360  0.0765
1.0370  0.0764
1.0380  0.0764
1.0390  0.0764
1.0400  0.0763
1.0410  0.0763
1.0420  0.0763
1.0430  0.0762
1.0440  0.0762
1.0450  0.0761
1.0460  0.0761
1.0470  0.0760
1.0480  0.0760
1.0490  0.0759
1.0500  0.0759
1.0510  0.0759
1.0520  0.0758
1.0530  0.0758
1.0540  0.0757
1.0550  0.0757
1.0560  0.0756
1.0570  0.0756
1.0580  0.0756
1.0590  0.0755
1.0600  0.0754
1.0610  0.0754
1.0620  0.0754
1.0630  0.0753
1.0640  0.0753
1.0650  0.0753
1.0660  0.0753
1.0670  0.0752
1.0680  0.0751
1.0690  0.0751
1.0700  0.0750
1.0710  0.0750
1.0720  0.0750
1.0730  0.0749
1.0740  0.0749
1.0750  0.0749
1.0760  0.0748
1.0770  0.0748
1.0780  0.0747
1.0790  0.0747
1.0800  0.0746
1.0810  0.0746
1.0820  0.0745
1.0830  0.0745
1.0840  0.0745
1.0850  0.0744
1.0860  0.0744
1.0870  0.0744
1.0880  0.0743
1.0890  0.0743
1.0900  0.0742
1.0910  0.0742
1.0920  0.0741
1.0930  0.0741
1.0940  0.0741
1.0950  0.0740
1.0960  0.0740
1.0970  0.0740
1.0980  0.0739
1.0990  0.0739
1.1000  0.0738
1.1010  0.0738
1.1020  0.0737
1.1030  0.0737
1.1040  0.0737
1.1050  0.0736
1.1060  0.0736
1.1070  0.0736
1.1080  0.0736
1.1090  0.0735
1.1100  0.0735
1.1110  0.0734
1.1120  0.0734
1.1130  0.0734
1.1140  0.0733
1.1150  0.0733
1.1160  0.0733
1.1170  0.0732
1.1180  0.0732
1.1190  0.0732
1.1200  0.0732
1.1210  0.0731
1.1220  0.0731
1.1230  0.0730
1.1240  0.0730
1.1250  0.0730
1.1260  0.0729
1.1270  0.0729
1.1280  0.0729
1.1290  0.0729
1.1300  0.0728
1.1310  0.0728
1.1320  0.0728
1.1330  0.0728
1.1340  0.0727
1.1350  0.0727
1.1360  0.0727
1.1370  0.0726
1.1380  0.0726
1.1390  0.0726
1.1400  0.0725
1.1410  0.0725
1.1420  0.0725
1.1430  0.0724
1.1440  0.0724
1.1450  0.0724
1.1460  0.0723
1.1470  0.0723
1.1480  0.0722
1.1490  0.0722
1.1500  0.0721
1.1510  0.0721
1.1520  0.0721
1.1530  0.0720
1.1540  0.0720
1.1550  0.0719
1.1560  0.0719
1.1570  0.0718
1.1580  0.0718
1.1590  0.0718
1.1600  0.0718
1.1610  0.0717
1.1620  0.0717
1.1630  0.0717
1.1640  0.0716
1.1650  0.0716
1.1660  0.0715
1.1670  0.0715
1.1680  0.0715
1.1690  0.0714
1.1700  0.0714
1.1710  0.0713
1.1720  0.0713
1.1730  0.0713
1.1740  0.0713
1.1750  0.0712
1.1760  0.0712
1.1770  0.0711
1.1780  0.0711
1.1790  0.0711
1.1800  0.0710
1.1810  0.0710
1.1820  0.0709
1.1830  0.0709
1.1840  0.0709
1.1850  0.0708
1.1860  0.0708
1.1870  0.0708
1.1880  0.0708
1.1890  0.0707
1.1900  0.0707
1.1910  0.0706
1.1920  0.0706
1.1930  0.0706
1.1940  0.0705
1.1950  0.0705
1.1960  0.0705
1.1970  0.0704
1.1980  0.0704
1.1990  0.0704
1.2000  0.0703
1.2010  0.0703
1.2020  0.0703
1.2030  0.0702
1.2040  0.0702
1.2050  0.0702
1.2060  0.0701
1.2070  0.0701
1.2080  0.0701
1.2090  0.0700
1.2100  0.0700
1.2110  0.0700
1.2120  0.0699
1.2130  0.0699
1.2140  0.0699
1.2150  0.0699
1.2160  0.0698
1.2170  0.0698
1.2180  0.0698
1.2190  0.0697
1.2200  0.0697
1.2210  0.0697
1.2220  0.0696
1.2230  0.0696
1.2240  0.0696
1.2250  0.0695
1.2260  0.0695
1.2270  0.0695
1.2280  0.0695
1.2290  0.0694
1.2300  0.0694
1.2310  0.0694
1.2320  0.0693
1.2330  0.0693
1.2340  0.0693
1.2350  0.0692
1.2360  0.0692
1.2370  0.0692
1.2380  0.0692
1.2390  0.0691
1.2400  0.0691
1.2410  0.0691
1.2420  0.0690
1.2430  0.0690
1.2440  0.0690
1.2450  0.0690
1.2460  0.0689
1.2470  0.0689
1.2480  0.0689
1.2490  0.0688
1.2500  0.0688
1.2510  0.0688
1.2520  0.0688
1.2530  0.0687
1.2540  0.0687
1.2550  0.0687
1.2560  0.0686
1.2570  0.0686
1.2580  0.0686
1.2590  0.0685
1.2600  0.0685
1.2610  0.0685
1.2620  0.0685
1.2630  0.0685
1.2640  0.0684
1.2650  0.0684
1.2660  0.0684
1.2670  0.0683
1.2680  0.0683
1.2690  0.0683
1.2700  0.0682
1.2710  0.0682
1.2720  0.0682
1.2730  0.0681
1.2740  0.0681
1.2750  0.0681
1.2760  0.0681
1.2770  0.0680
1.2780  0.0680
1.2790  0.0680
1.2800  0.0680
1.2810  0.0679
1.2820  0.0679
1.2830  0.0679
1.2840  0.0679
1.2850  0.0678
1.2860  0.0678
1.2870  0.0678
1.2880  0.0677
1.2890  0.0677
1.2900  0.0677
1.2910  0.0677
1.2920  0.0676
1.2930  0.0676
1.2940  0.0676
1.2950  0.0676
1.2960  0.0675
1.2970  0.0675
1.2980  0.0675
1.2990  0.0675
1.3000  0.0674
1.3010  0.0674
1.3020  0.0674
1.3030  0.0674
1.3040  0.0673
1.3050  0.0673
1.3060  0.0673
1.3070  0.0672
1.3080  0.0672
1.3090  0.0672
1.3100  0.0672
1.3110  0.0671
1.3120  0.0671
1.3130  0.0671
1.3140  0.0671
1.3150  0.0670
1.3160  0.0670
1.3170  0.0670
1.3180  0.0670
1.3190  0.0670
1.3200  0.0669
1.3210  0.0669
1.3220  0.0669
1.3230  0.0669
1.3240  0.0669
1.3250  0.0668
1.3260  0.0668
1.3270  0.0668
1.3280  0.0668
1.3290  0.0667
1.3300  0.0667
1.3310  0.0667
1.3320  0.0666
1.3330  0.0666
1.3340  0.0666
1.3350  0.0666
1.3360  0.0666
1.3370  0.0665
1.3380  0.0665
1.3390  0.0665
1.3400  0.0665
1.3410  0.0664
1.3420  0.0664
1.3430  0.0664
1.3440  0.0664
1.3450  0.0663
1.3460  0.0663
1.3470  0.0663
1.3480  0.0663
1.3490  0.0663
1.3500  0.0662
1.3510  0.0662
1.3520  0.0662
1.3530  0.0662
1.3540  0.0662
1.3550  0.0661
1.3560  0.0661
1.3570  0.0661
1.3580  0.0661
1.3590  0.0661
1.3600  0.0661
1.3610  0.0660
1.3620  0.0660
1.3630  0.0660
1.3640  0.0660
1.3650  0.0659
1.3660  0.0659
1.3670  0.0659
1.3680  0.0659
1.3690  0.0659
1.3700  0.0658
1.3710  0.0658
1.3720  0.0658
1.3730  0.0658
1.3740  0.0657
1.3750  0.0657
1.3760  0.0657
1.3770  0.0657
1.3780  0.0656
1.3790  0.0656
1.3800  0.0656
1.3810  0.0656
1.3820  0.0655
1.3830  0.0655
1.3840  0.0655
1.3850  0.0655
1.3860  0.0654
1.3870  0.0654
1.3880  0.0654
1.3890  0.0654
1.3900  0.0653
1.3910  0.0653
1.3920  0.0653
1.3930  0.0653
1.3940  0.0652
1.3950  0.0652
1.3960  0.0652
1.3970  0.0651
1.3980  0.0651
1.3990  0.0651
1.4000  0.0650
1.4010  0.0650
1.4020  0.0650
1.4030  0.0649
1.4040  0.0649
1.4050  0.0649
1.4060  0.0649
1.4070  0.0648
1.4080  0.0648
1.4090  0.0648
1.4100  0.0647
1.4110  0.0647
1.4120  0.0647
1.4130  0.0647
1.4140  0.0647
1.4150  0.0646
1.4160  0.0646
1.4170  0.0646
1.4180  0.0646
1.4190  0.0646
1.4200  0.0645
1.4210  0.0645
1.4220  0.0645
1.4230  0.0645
1.4240  0.0645
1.4250  0.0645
1.4260  0.0645
1.4270  0.0645
1.4280  0.0645
1.4290  0.0645
1.4300  0.0645
1.4310  0.0645
1.4320  0.0644
1.4330  0.0644
1.4340  0.0644
1.4350  0.0644
1.4360  0.0644
1.4370  0.0644
1.4380  0.0644
1.4390  0.0644
1.4400  0.0643
1.4410  0.0643
1.4420  0.0643
1.4430  0.0643
1.4440  0.0643
1.4450  0.0643
1.4460  0.0643
1.4470  0.0643
1.4480  0.0643
1.4490  0.0642
1.4500  0.0642
1.4510  0.0642
1.4520  0.0642
1.4530  0.0642
1.4540  0.0642
1.4550  0.0641
1.4560  0.0641
1.4570  0.0641
1.4580  0.0641
1.4590  0.0641
1.4600  0.0641
1.4610  0.0641
1.4620  0.0641
1.4630  0.0640
1.4640  0.0640
1.4650  0.0640
1.4660  0.0640
1.4670  0.0640
1.4680  0.0640
1.4690  0.0639
1.4700  0.0639
1.4710  0.0639
1.4720  0.0639
1.4730  0.0639
1.4740  0.0639
1.4750  0.0639
1.4760  0.0638
1.4770  0.0638
1.4780  0.0638
1.4790  0.0638
1.4800  0.0638
1.4810  0.0638
1.4820  0.0638
1.4830  0.0637
1.4840  0.0637
1.4850  0.0637
1.4860  0.0637
1.4870  0.0637
1.4880  0.0637
1.4890  0.0637
1.4900  0.0637
1.4910  0.0637
1.4920  0.0636
1.4930  0.0636
1.4940  0.0636
1.4950  0.0636
1.4960  0.0636
1.4970  0.0636
1.4980  0.0636
1.4990  0.0636
1.5000  0.0635
1.5010  0.0635
1.5020  0.0635
1.5030  0.0635
1.5040  0.0635
1.5050  0.0635
1.5060  0.0635
1.5070  0.0635
1.5080  0.0635
1.5090  0.0634
1.5100  0.0634
1.5110  0.0634
1.5120  0.0634
1.5130  0.0634
1.5140  0.0634
1.5150  0.0634
1.5160  0.0634
1.5170  0.0633
1.5180  0.0633
1.5190  0.0633
1.5200  0.0633
1.5210  0.0633
1.5220  0.0633
1.5230  0.0633
1.5240  0.0633
1.5250  0.0633
1.5260  0.0632
1.5270  0.0632
1.5280  0.0632
1.5290  0.0632
1.5300  0.0632
1.5310  0.0632
1.5320  0.0632
1.5330  0.0632
1.5340  0.0632
1.5350  0.0632
1.5360  0.0632
1.5370  0.0631
1.5380  0.0631
1.5390  0.0631
1.5400  0.0631
1.5410  0.0631
1.5420  0.0631
1.5430  0.0631
1.5440  0.0631
1.5450  0.0630
1.5460  0.0630
1.5470  0.0630
1.5480  0.0630
1.5490  0.0630
1.5500  0.0630
1.5510  0.0630
1.5520  0.0630
1.5530  0.0630
1.5540  0.0630
1.5550  0.0629
1.5560  0.0629
1.5570  0.0629
1.5580  0.0629
1.5590  0.0629
1.5600  0.0629
1.5610  0.0629
1.5620  0.0629
1.5630  0.0629
1.5640  0.0629
1.5650  0.0628
1.5660  0.0628
1.5670  0.0628
1.5680  0.0628
1.5690  0.0628
1.5700  0.0628
1.5710  0.0628
1.5720  0.0628
1.5730  0.0628
1.5740  0.0628
1.5750  0.0627
1.5760  0.0627
1.5770  0.0627
1.5780  0.0627
1.5790  0.0627
1.5800  0.0627
1.5810  0.0627
1.5820  0.0627
1.5830  0.0627
1.5840  0.0627
1.5850  0.0627
1.5860  0.0627
1.5870  0.0626
1.5880  0.0626
1.5890  0.0626
1.5900  0.0626
1.5910  0.0626
1.5920  0.0626
1.5930  0.0626
1.5940  0.0626
1.5950  0.0625
1.5960  0.0625
1.5970  0.0625
1.5980  0.0625
1.5990  0.0625
1.6000  0.0625
1.6010  0.0625
1.6020  0.0625
1.6030  0.0625
1.6040  0.0624
1.6050  0.0624
1.6060  0.0624
1.6070  0.0624
1.6080  0.0624
1.6090  0.0624
1.6100  0.0624
1.6110  0.0624
1.6120  0.0624
1.6130  0.0624
1.6140  0.0624
1.6150  0.0624
1.6160  0.0623
1.6170  0.0623
1.6180  0.0623
1.6190  0.0623
1.6200  0.0623
1.6210  0.0623
1.6220  0.0623
1.6230  0.0623
1.6240  0.0623
1.6250  0.0623
1.6260  0.0622
1.6270  0.0622
1.6280  0.0622
1.6290  0.0622
1.6300  0.0622
1.6310  0.0622
1.6320  0.0622
1.6330  0.0622
1.6340  0.0622
1.6350  0.0622
1.6360  0.0622
1.6370  0.0622
1.6380  0.0622
1.6390  0.0622
1.6400  0.0621
1.6410  0.0621
1.6420  0.0621
1.6430  0.0621
1.6440  0.0621
1.6450  0.0621
1.6460  0.0621
1.6470  0.0621
1.6480  0.0621
1.6490  0.0621
1.6500  0.0621
1.6510  0.0620
1.6520  0.0620
1.6530  0.0620
1.6540  0.0620
1.6550  0.0620
1.6560  0.0620
1.6570  0.0620
1.6580  0.0620
1.6590  0.0620
1.6600  0.0620
1.6610  0.0620
1.6620  0.0620
1.6630  0.0620
1.6640  0.0620
1.6650  0.0620
1.6660  0.0620
1.6670  0.0620
1.6680  0.0619
1.6690  0.0619
1.6700  0.0619
1.6710  0.0619
1.6720  0.0619
1.6730  0.0619
1.6740  0.0619
1.6750  0.0618
1.6760  0.0618
1.6770  0.0618
1.6780  0.0618
1.6790  0.0618
1.6800  0.0618
1.6810  0.0618
1.6820  0.0618
1.6830  0.0618
1.6840  0.0618
1.6850  0.0618
1.6860  0.0618
1.6870  0.0618
1.6880  0.0618
1.6890  0.0618
1.6900  0.0618
1.6910  0.0617
1.6920  0.0617
1.6930  0.0617
1.6940  0.0617
1.6950  0.0617
1.6960  0.0617
1.6970  0.0617
1.6980  0.0617
1.6990  0.0617
1.7000  0.0617
1.7020  0.0617
1.7050  0.0617
1.7100  0.0617
1.7150  0.0617
1.7200  0.0616
1.7250  0.0615
1.7300  0.0615
1.7350  0.0614
1.7400  0.0613
1.7450  0.0613
1.7500  0.0613
1.7550  0.0612
1.7600  0.0612
1.7650  0.0612
1.7700  0.0611
1.7750  0.0611
1.7800  0.0611
1.7850  0.0610
1.7900  0.0610
1.7950  0.0610
1.8000  0.0609
1.8050  0.0610
1.8100  0.0609
1.8150  0.0609
1.8200  0.0609
1.8250  0.0609
1.8300  0.0609
1.8350  0.0608
1.8400  0.0608
1.8450  0.0608
1.8500  0.0607
1.8550  0.0607
1.8600  0.0607
1.8650  0.0606
1.8700  0.0605
1.8750  0.0605
1.8800  0.0604
1.8850  0.0603
1.8900  0.0601
1.8950  0.0599
1.9000  0.0596
1.9050  0.0594
1.9100  0.0592
1.9150  0.0591
1.9200  0.0590
1.9250  0.0589
1.9300  0.0589
1.9350  0.0588
1.9400  0.0588
1.9450  0.0588
1.9500  0.0588
1.9550  0.0588
1.9600  0.0588
1.9650  0.0588
1.9700  0.0588
1.9750  0.0588
1.9800  0.0587
1.9850  0.0587
1.9900  0.0588
1.9950  0.0588
2.0000  0.0588
2.0050  0.0589
2.0100  0.0590
2.0150  0.0590
2.0200  0.0591
2.0250  0.0592
2.0300  0.0592
2.0350  0.0592
2.0400  0.0593
2.0450  0.0593
2.0500  0.0594
2.0550  0.0594
2.0600  0.0594
2.0650  0.0595
2.0700  0.0595
2.0750  0.0595
2.0800  0.0595
2.0850  0.0595
2.0900  0.0596
2.0950  0.0596
2.1000  0.0596
2.1050  0.0596
2.1100  0.0596
2.1150  0.0596
2.1200  0.0596
2.1250  0.0596
2.1300  0.0596
2.1350  0.0596
2.1400  0.0595
2.1450  0.0595
2.1500  0.0595
2.1550  0.0595
2.1600  0.0595
2.1650  0.0594
2.1700  0.0594
2.1750  0.0593
2.1800  0.0592
2.1850  0.0591
2.1900  0.0591
2.1950  0.0590
2.2000  0.0590
2.2050  0.0590
2.2100  0.0590
2.2150  0.0590
2.2200  0.0591
2.2250  0.0591
2.2300  0.0591
2.2350  0.0591
2.2400  0.0592
2.2450  0.0591
2.2500  0.0592
2.2550  0.0592
2.2600  0.0592
2.2650  0.0592
2.2700  0.0592
2.2750  0.0592
2.2800  0.0591
2.2850  0.0592
2.2900  0.0591
2.2950  0.0591
2.3000  0.0591
2.3050  0.0590
2.3100  0.0589
2.3150  0.0589
2.3200  0.0589
2.3250  0.0589
2.3300  0.0589
2.3350  0.0589
2.3400  0.0589
2.3450  0.0588
2.3500  0.0587
2.3550  0.0587
2.3600  0.0587
2.3650  0.0587
2.3700  0.0585
2.3750  0.0585
2.3800  0.0584
2.3850  0.0584
2.3900  0.0584
2.3950  0.0583
2.4000  0.0581
2.4050  0.0582
2.4100  0.0581
2.4150  0.0579
2.4200  0.0578
2.4250  0.0575
2.4300  0.0577
2.4350  0.0575
2.4400  0.0574
2.4450  0.0573
2.4500  0.0568
2.4550  0.0573
2.4600  0.0569
2.4650  0.0569
2.4700  0.0572
2.4750  0.0562
2.4800  0.0569
2.4850  0.0576
2.4900  0.0576
2.4950  0.0585
2.5000  0.0593
