0.3500
2.5000
BuildingTyvekWhite                  
0.3500  0.7287
0.3505  0.7288
0.3510  0.7288
0.3515  0.7288
0.3520  0.7288
0.3525  0.7289
0.3530  0.7289
0.3535  0.7289
0.3540  0.7289
0.3545  0.7289
0.3550  0.7289
0.3555  0.7290
0.3560  0.7290
0.3565  0.7290
0.3570  0.7290
0.3575  0.7290
0.3580  0.7290
0.3585  0.7290
0.3590  0.7291
0.3595  0.7291
0.3600  0.7291
0.3605  0.7290
0.3610  0.7290
0.3615  0.7289
0.3620  0.7288
0.3625  0.7287
0.3630  0.7285
0.3635  0.7284
0.3640  0.7282
0.3645  0.7280
0.3650  0.7279
0.3655  0.7277
0.3660  0.7276
0.3665  0.7275
0.3670  0.7274
0.3675  0.7273
0.3680  0.7272
0.3685  0.7271
0.3690  0.7270
0.3695  0.7270
0.3700  0.7269
0.3705  0.7268
0.3710  0.7267
0.3715  0.7265
0.3720  0.7264
0.3725  0.7262
0.3730  0.7261
0.3735  0.7260
0.3740  0.7258
0.3745  0.7257
0.3750  0.7256
0.3755  0.7254
0.3760  0.7253
0.3765  0.7251
0.3770  0.7250
0.3775  0.7249
0.3780  0.7247
0.3785  0.7246
0.3790  0.7244
0.3795  0.7243
0.3800  0.7241
0.3805  0.7240
0.3810  0.7238
0.3815  0.7237
0.3820  0.7235
0.3825  0.7234
0.3830  0.7232
0.3835  0.7231
0.3840  0.7230
0.3845  0.7229
0.3850  0.7228
0.3855  0.7226
0.3860  0.7225
0.3865  0.7224
0.3870  0.7222
0.3875  0.7221
0.3880  0.7220
0.3885  0.7218
0.3890  0.7217
0.3895  0.7216
0.3900  0.7214
0.3905  0.7213
0.3910  0.7212
0.3915  0.7211
0.3920  0.7210
0.3925  0.7209
0.3930  0.7207
0.3935  0.7206
0.3940  0.7205
0.3945  0.7204
0.3950  0.7204
0.3955  0.7203
0.3960  0.7202
0.3965  0.7201
0.3970  0.7200
0.3975  0.7199
0.3980  0.7198
0.3985  0.7198
0.3990  0.7197
0.3995  0.7196
0.4000  0.7195
0.4010  0.7193
0.4020  0.7191
0.4030  0.7190
0.4040  0.7188
0.4050  0.7187
0.4060  0.7185
0.4070  0.7184
0.4080  0.7182
0.4090  0.7180
0.4100  0.7178
0.4110  0.7177
0.4120  0.7175
0.4130  0.7173
0.4140  0.7172
0.4150  0.7170
0.4160  0.7169
0.4170  0.7167
0.4180  0.7166
0.4190  0.7164
0.4200  0.7163
0.4210  0.7162
0.4220  0.7161
0.4230  0.7159
0.4240  0.7158
0.4250  0.7156
0.4260  0.7154
0.4270  0.7153
0.4280  0.7151
0.4290  0.7150
0.4300  0.7149
0.4310  0.7147
0.4320  0.7146
0.4330  0.7144
0.4340  0.7143
0.4350  0.7141
0.4360  0.7140
0.4370  0.7139
0.4380  0.7138
0.4390  0.7136
0.4400  0.7135
0.4410  0.7134
0.4420  0.7132
0.4430  0.7131
0.4440  0.7130
0.4450  0.7128
0.4460  0.7127
0.4470  0.7126
0.4480  0.7124
0.4490  0.7123
0.4500  0.7121
0.4510  0.7120
0.4520  0.7119
0.4530  0.7118
0.4540  0.7116
0.4550  0.7115
0.4560  0.7114
0.4570  0.7112
0.4580  0.7111
0.4590  0.7109
0.4600  0.7108
0.4610  0.7107
0.4620  0.7106
0.4630  0.7104
0.4640  0.7103
0.4650  0.7102
0.4660  0.7100
0.4670  0.7099
0.4680  0.7098
0.4690  0.7097
0.4700  0.7096
0.4710  0.7094
0.4720  0.7093
0.4730  0.7092
0.4740  0.7090
0.4750  0.7089
0.4760  0.7088
0.4770  0.7087
0.4780  0.7085
0.4790  0.7084
0.4800  0.7083
0.4810  0.7082
0.4820  0.7081
0.4830  0.7080
0.4840  0.7078
0.4850  0.7077
0.4860  0.7076
0.4870  0.7075
0.4880  0.7074
0.4890  0.7073
0.4900  0.7071
0.4910  0.7070
0.4920  0.7069
0.4930  0.7067
0.4940  0.7066
0.4950  0.7065
0.4960  0.7064
0.4970  0.7062
0.4980  0.7061
0.4990  0.7060
0.5000  0.7059
0.5010  0.7058
0.5020  0.7057
0.5030  0.7056
0.5040  0.7054
0.5050  0.7053
0.5060  0.7052
0.5070  0.7051
0.5080  0.7050
0.5090  0.7048
0.5100  0.7047
0.5110  0.7046
0.5120  0.7045
0.5130  0.7044
0.5140  0.7043
0.5150  0.7041
0.5160  0.7040
0.5170  0.7039
0.5180  0.7038
0.5190  0.7037
0.5200  0.7036
0.5210  0.7035
0.5220  0.7034
0.5230  0.7033
0.5240  0.7032
0.5250  0.7031
0.5260  0.7030
0.5270  0.7029
0.5280  0.7028
0.5290  0.7027
0.5300  0.7026
0.5310  0.7025
0.5320  0.7024
0.5330  0.7023
0.5340  0.7022
0.5350  0.7021
0.5360  0.7020
0.5370  0.7019
0.5380  0.7018
0.5390  0.7017
0.5400  0.7016
0.5410  0.7015
0.5420  0.7014
0.5430  0.7013
0.5440  0.7012
0.5450  0.7011
0.5460  0.7009
0.5470  0.7008
0.5480  0.7007
0.5490  0.7006
0.5500  0.7004
0.5510  0.7003
0.5520  0.7002
0.5530  0.7001
0.5540  0.7000
0.5550  0.6998
0.5560  0.6997
0.5570  0.6996
0.5580  0.6995
0.5590  0.6994
0.5600  0.6993
0.5610  0.6991
0.5620  0.6990
0.5630  0.6989
0.5640  0.6988
0.5650  0.6987
0.5660  0.6986
0.5670  0.6985
0.5680  0.6984
0.5690  0.6984
0.5700  0.6983
0.5710  0.6982
0.5720  0.6981
0.5730  0.6979
0.5740  0.6978
0.5750  0.6977
0.5760  0.6976
0.5770  0.6975
0.5780  0.6974
0.5790  0.6973
0.5800  0.6972
0.5810  0.6971
0.5820  0.6970
0.5830  0.6968
0.5840  0.6967
0.5850  0.6965
0.5860  0.6964
0.5870  0.6962
0.5880  0.6961
0.5890  0.6959
0.5900  0.6957
0.5910  0.6956
0.5920  0.6954
0.5930  0.6953
0.5940  0.6951
0.5950  0.6950
0.5960  0.6948
0.5970  0.6947
0.5980  0.6946
0.5990  0.6944
0.6000  0.6943
0.6010  0.6941
0.6020  0.6940
0.6030  0.6938
0.6040  0.6936
0.6050  0.6935
0.6060  0.6933
0.6070  0.6932
0.6080  0.6930
0.6090  0.6929
0.6100  0.6928
0.6110  0.6926
0.6120  0.6925
0.6130  0.6923
0.6140  0.6922
0.6150  0.6921
0.6160  0.6920
0.6170  0.6919
0.6180  0.6918
0.6190  0.6917
0.6200  0.6916
0.6210  0.6915
0.6220  0.6914
0.6230  0.6913
0.6240  0.6913
0.6250  0.6912
0.6260  0.6911
0.6270  0.6910
0.6280  0.6909
0.6290  0.6908
0.6300  0.6907
0.6310  0.6906
0.6320  0.6904
0.6330  0.6903
0.6340  0.6902
0.6350  0.6901
0.6360  0.6900
0.6370  0.6899
0.6380  0.6898
0.6390  0.6897
0.6400  0.6895
0.6410  0.6894
0.6420  0.6893
0.6430  0.6892
0.6440  0.6891
0.6450  0.6890
0.6460  0.6889
0.6470  0.6888
0.6480  0.6887
0.6490  0.6886
0.6500  0.6885
0.6510  0.6884
0.6520  0.6883
0.6530  0.6882
0.6540  0.6881
0.6550  0.6880
0.6560  0.6879
0.6570  0.6878
0.6580  0.6877
0.6590  0.6876
0.6600  0.6875
0.6610  0.6874
0.6620  0.6873
0.6630  0.6873
0.6640  0.6872
0.6650  0.6871
0.6660  0.6870
0.6670  0.6868
0.6680  0.6867
0.6690  0.6866
0.6700  0.6865
0.6710  0.6864
0.6720  0.6863
0.6730  0.6862
0.6740  0.6861
0.6750  0.6861
0.6760  0.6860
0.6770  0.6859
0.6780  0.6859
0.6790  0.6858
0.6800  0.6857
0.6810  0.6856
0.6820  0.6855
0.6830  0.6854
0.6840  0.6853
0.6850  0.6853
0.6860  0.6852
0.6870  0.6851
0.6880  0.6850
0.6890  0.6849
0.6900  0.6848
0.6910  0.6848
0.6920  0.6847
0.6930  0.6846
0.6940  0.6845
0.6950  0.6844
0.6960  0.6843
0.6970  0.6843
0.6980  0.6842
0.6990  0.6841
0.7000  0.6840
0.7010  0.6839
0.7020  0.6839
0.7030  0.6838
0.7040  0.6837
0.7050  0.6836
0.7060  0.6835
0.7070  0.6835
0.7080  0.6834
0.7090  0.6833
0.7100  0.6832
0.7110  0.6832
0.7120  0.6831
0.7130  0.6830
0.7140  0.6829
0.7150  0.6828
0.7160  0.6828
0.7170  0.6827
0.7180  0.6826
0.7190  0.6825
0.7200  0.6825
0.7210  0.6824
0.7220  0.6823
0.7230  0.6822
0.7240  0.6822
0.7250  0.6821
0.7260  0.6820
0.7270  0.6819
0.7280  0.6818
0.7290  0.6818
0.7300  0.6817
0.7310  0.6816
0.7320  0.6815
0.7330  0.6814
0.7340  0.6814
0.7350  0.6813
0.7360  0.6812
0.7370  0.6812
0.7380  0.6811
0.7390  0.6810
0.7400  0.6809
0.7410  0.6808
0.7420  0.6808
0.7430  0.6807
0.7440  0.6806
0.7450  0.6805
0.7460  0.6804
0.7470  0.6803
0.7480  0.6802
0.7490  0.6802
0.7500  0.6801
0.7510  0.6800
0.7520  0.6799
0.7530  0.6799
0.7540  0.6798
0.7550  0.6797
0.7560  0.6797
0.7570  0.6796
0.7580  0.6795
0.7590  0.6794
0.7600  0.6793
0.7610  0.6792
0.7620  0.6791
0.7630  0.6790
0.7640  0.6789
0.7650  0.6789
0.7660  0.6788
0.7670  0.6787
0.7680  0.6787
0.7690  0.6786
0.7700  0.6786
0.7710  0.6785
0.7720  0.6785
0.7730  0.6784
0.7740  0.6784
0.7750  0.6783
0.7760  0.6783
0.7770  0.6782
0.7780  0.6782
0.7790  0.6781
0.7800  0.6780
0.7810  0.6779
0.7820  0.6778
0.7830  0.6778
0.7840  0.6777
0.7850  0.6776
0.7860  0.6776
0.7870  0.6775
0.7880  0.6775
0.7890  0.6774
0.7900  0.6773
0.7910  0.6773
0.7920  0.6772
0.7930  0.6771
0.7940  0.6770
0.7950  0.6769
0.7960  0.6769
0.7970  0.6768
0.7980  0.6767
0.7990  0.6767
0.8000  0.6766
0.8010  0.6765
0.8020  0.6764
0.8030  0.6764
0.8040  0.6763
0.8050  0.6762
0.8060  0.6762
0.8070  0.6761
0.8080  0.6761
0.8090  0.6760
0.8100  0.6759
0.8110  0.6758
0.8120  0.6757
0.8130  0.6757
0.8140  0.6756
0.8150  0.6755
0.8160  0.6754
0.8170  0.6753
0.8180  0.6753
0.8190  0.6752
0.8200  0.6751
0.8210  0.6750
0.8220  0.6750
0.8230  0.6749
0.8240  0.6748
0.8250  0.6747
0.8260  0.6746
0.8270  0.6745
0.8280  0.6745
0.8290  0.6744
0.8300  0.6743
0.8310  0.6743
0.8320  0.6742
0.8330  0.6741
0.8340  0.6740
0.8350  0.6740
0.8360  0.6739
0.8370  0.6738
0.8380  0.6737
0.8390  0.6736
0.8400  0.6735
0.8410  0.6734
0.8420  0.6733
0.8430  0.6732
0.8440  0.6732
0.8450  0.6731
0.8460  0.6730
0.8470  0.6729
0.8480  0.6729
0.8490  0.6728
0.8500  0.6727
0.8510  0.6726
0.8520  0.6725
0.8530  0.6724
0.8540  0.6723
0.8550  0.6722
0.8560  0.6721
0.8570  0.6720
0.8580  0.6719
0.8590  0.6718
0.8600  0.6717
0.8610  0.6716
0.8620  0.6715
0.8630  0.6714
0.8640  0.6713
0.8650  0.6712
0.8660  0.6711
0.8670  0.6710
0.8680  0.6709
0.8690  0.6708
0.8700  0.6707
0.8710  0.6706
0.8720  0.6705
0.8730  0.6704
0.8740  0.6703
0.8750  0.6702
0.8760  0.6701
0.8770  0.6699
0.8780  0.6698
0.8790  0.6697
0.8800  0.6695
0.8810  0.6694
0.8820  0.6693
0.8830  0.6692
0.8840  0.6690
0.8850  0.6689
0.8860  0.6688
0.8870  0.6687
0.8880  0.6686
0.8890  0.6684
0.8900  0.6683
0.8910  0.6682
0.8920  0.6680
0.8930  0.6679
0.8940  0.6678
0.8950  0.6676
0.8960  0.6675
0.8970  0.6673
0.8980  0.6672
0.8990  0.6671
0.9000  0.6669
0.9010  0.6668
0.9020  0.6667
0.9030  0.6665
0.9040  0.6664
0.9050  0.6662
0.9060  0.6660
0.9070  0.6659
0.9080  0.6658
0.9090  0.6656
0.9100  0.6655
0.9110  0.6653
0.9120  0.6651
0.9130  0.6649
0.9140  0.6647
0.9150  0.6646
0.9160  0.6644
0.9170  0.6642
0.9180  0.6639
0.9190  0.6637
0.9200  0.6635
0.9210  0.6632
0.9220  0.6630
0.9230  0.6627
0.9240  0.6624
0.9250  0.6621
0.9260  0.6618
0.9270  0.6616
0.9280  0.6613
0.9290  0.6611
0.9300  0.6609
0.9310  0.6607
0.9320  0.6606
0.9330  0.6604
0.9340  0.6603
0.9350  0.6603
0.9360  0.6602
0.9370  0.6602
0.9380  0.6603
0.9390  0.6603
0.9400  0.6604
0.9410  0.6604
0.9420  0.6605
0.9430  0.6605
0.9440  0.6605
0.9450  0.6606
0.9460  0.6606
0.9470  0.6606
0.9480  0.6605
0.9490  0.6605
0.9500  0.6605
0.9510  0.6604
0.9520  0.6604
0.9530  0.6603
0.9540  0.6602
0.9550  0.6602
0.9560  0.6601
0.9570  0.6600
0.9580  0.6600
0.9590  0.6599
0.9600  0.6599
0.9610  0.6598
0.9620  0.6597
0.9630  0.6596
0.9640  0.6595
0.9650  0.6594
0.9660  0.6593
0.9670  0.6592
0.9680  0.6591
0.9690  0.6590
0.9700  0.6589
0.9710  0.6588
0.9720  0.6587
0.9730  0.6586
0.9740  0.6585
0.9750  0.6584
0.9760  0.6583
0.9770  0.6582
0.9780  0.6580
0.9790  0.6579
0.9800  0.6578
0.9810  0.6577
0.9820  0.6576
0.9830  0.6575
0.9840  0.6574
0.9850  0.6573
0.9860  0.6572
0.9870  0.6571
0.9880  0.6569
0.9890  0.6568
0.9900  0.6567
0.9910  0.6566
0.9920  0.6565
0.9930  0.6563
0.9940  0.6562
0.9950  0.6561
0.9960  0.6560
0.9970  0.6559
0.9980  0.6557
0.9990  0.6556
1.0000  0.6555
1.0010  0.6556
1.0020  0.6559
1.0030  0.6561
1.0040  0.6562
1.0050  0.6561
1.0060  0.6560
1.0070  0.6557
1.0080  0.6555
1.0090  0.6553
1.0100  0.6552
1.0110  0.6550
1.0120  0.6549
1.0130  0.6548
1.0140  0.6546
1.0150  0.6545
1.0160  0.6543
1.0170  0.6541
1.0180  0.6540
1.0190  0.6538
1.0200  0.6537
1.0210  0.6536
1.0220  0.6534
1.0230  0.6533
1.0240  0.6531
1.0250  0.6529
1.0260  0.6527
1.0270  0.6526
1.0280  0.6525
1.0290  0.6523
1.0300  0.6522
1.0310  0.6520
1.0320  0.6519
1.0330  0.6517
1.0340  0.6516
1.0350  0.6514
1.0360  0.6512
1.0370  0.6511
1.0380  0.6510
1.0390  0.6509
1.0400  0.6508
1.0410  0.6506
1.0420  0.6504
1.0430  0.6502
1.0440  0.6501
1.0450  0.6500
1.0460  0.6498
1.0470  0.6497
1.0480  0.6496
1.0490  0.6495
1.0500  0.6494
1.0510  0.6493
1.0520  0.6492
1.0530  0.6491
1.0540  0.6490
1.0550  0.6489
1.0560  0.6488
1.0570  0.6487
1.0580  0.6486
1.0590  0.6485
1.0600  0.6484
1.0610  0.6484
1.0620  0.6483
1.0630  0.6482
1.0640  0.6481
1.0650  0.6481
1.0660  0.6481
1.0670  0.6480
1.0680  0.6480
1.0690  0.6479
1.0700  0.6478
1.0710  0.6477
1.0720  0.6476
1.0730  0.6476
1.0740  0.6475
1.0750  0.6475
1.0760  0.6474
1.0770  0.6472
1.0780  0.6471
1.0790  0.6470
1.0800  0.6469
1.0810  0.6468
1.0820  0.6467
1.0830  0.6466
1.0840  0.6465
1.0850  0.6465
1.0860  0.6464
1.0870  0.6463
1.0880  0.6462
1.0890  0.6461
1.0900  0.6460
1.0910  0.6459
1.0920  0.6458
1.0930  0.6457
1.0940  0.6457
1.0950  0.6456
1.0960  0.6455
1.0970  0.6454
1.0980  0.6453
1.0990  0.6452
1.1000  0.6451
1.1010  0.6450
1.1020  0.6450
1.1030  0.6449
1.1040  0.6448
1.1050  0.6446
1.1060  0.6445
1.1070  0.6444
1.1080  0.6443
1.1090  0.6442
1.1100  0.6441
1.1110  0.6440
1.1120  0.6439
1.1130  0.6438
1.1140  0.6437
1.1150  0.6436
1.1160  0.6435
1.1170  0.6435
1.1180  0.6434
1.1190  0.6433
1.1200  0.6433
1.1210  0.6432
1.1220  0.6431
1.1230  0.6430
1.1240  0.6429
1.1250  0.6428
1.1260  0.6428
1.1270  0.6427
1.1280  0.6426
1.1290  0.6425
1.1300  0.6424
1.1310  0.6423
1.1320  0.6422
1.1330  0.6421
1.1340  0.6420
1.1350  0.6419
1.1360  0.6418
1.1370  0.6417
1.1380  0.6416
1.1390  0.6414
1.1400  0.6413
1.1410  0.6412
1.1420  0.6410
1.1430  0.6409
1.1440  0.6407
1.1450  0.6405
1.1460  0.6403
1.1470  0.6402
1.1480  0.6400
1.1490  0.6398
1.1500  0.6395
1.1510  0.6393
1.1520  0.6391
1.1530  0.6389
1.1540  0.6386
1.1550  0.6382
1.1560  0.6379
1.1570  0.6375
1.1580  0.6371
1.1590  0.6368
1.1600  0.6364
1.1610  0.6360
1.1620  0.6356
1.1630  0.6352
1.1640  0.6348
1.1650  0.6344
1.1660  0.6340
1.1670  0.6337
1.1680  0.6334
1.1690  0.6332
1.1700  0.6330
1.1710  0.6327
1.1720  0.6325
1.1730  0.6323
1.1740  0.6320
1.1750  0.6317
1.1760  0.6314
1.1770  0.6311
1.1780  0.6308
1.1790  0.6304
1.1800  0.6300
1.1810  0.6296
1.1820  0.6291
1.1830  0.6287
1.1840  0.6282
1.1850  0.6278
1.1860  0.6273
1.1870  0.6268
1.1880  0.6264
1.1890  0.6259
1.1900  0.6254
1.1910  0.6248
1.1920  0.6243
1.1930  0.6236
1.1940  0.6229
1.1950  0.6222
1.1960  0.6213
1.1970  0.6205
1.1980  0.6195
1.1990  0.6185
1.2000  0.6174
1.2010  0.6163
1.2020  0.6152
1.2030  0.6140
1.2040  0.6128
1.2050  0.6116
1.2060  0.6104
1.2070  0.6092
1.2080  0.6081
1.2090  0.6071
1.2100  0.6061
1.2110  0.6053
1.2120  0.6047
1.2130  0.6042
1.2140  0.6038
1.2150  0.6037
1.2160  0.6037
1.2170  0.6040
1.2180  0.6044
1.2190  0.6049
1.2200  0.6057
1.2210  0.6066
1.2220  0.6076
1.2230  0.6088
1.2240  0.6099
1.2250  0.6112
1.2260  0.6124
1.2270  0.6136
1.2280  0.6148
1.2290  0.6159
1.2300  0.6170
1.2310  0.6179
1.2320  0.6188
1.2330  0.6197
1.2340  0.6204
1.2350  0.6211
1.2360  0.6217
1.2370  0.6222
1.2380  0.6227
1.2390  0.6232
1.2400  0.6236
1.2410  0.6240
1.2420  0.6243
1.2430  0.6246
1.2440  0.6249
1.2450  0.6252
1.2460  0.6254
1.2470  0.6256
1.2480  0.6258
1.2490  0.6260
1.2500  0.6261
1.2510  0.6263
1.2520  0.6264
1.2530  0.6265
1.2540  0.6265
1.2550  0.6266
1.2560  0.6267
1.2570  0.6268
1.2580  0.6268
1.2590  0.6269
1.2600  0.6269
1.2610  0.6270
1.2620  0.6270
1.2630  0.6270
1.2640  0.6270
1.2650  0.6270
1.2660  0.6270
1.2670  0.6270
1.2680  0.6270
1.2690  0.6270
1.2700  0.6269
1.2710  0.6269
1.2720  0.6268
1.2730  0.6268
1.2740  0.6268
1.2750  0.6268
1.2760  0.6267
1.2770  0.6267
1.2780  0.6266
1.2790  0.6266
1.2800  0.6265
1.2810  0.6264
1.2820  0.6264
1.2830  0.6263
1.2840  0.6262
1.2850  0.6262
1.2860  0.6261
1.2870  0.6260
1.2880  0.6260
1.2890  0.6259
1.2900  0.6258
1.2910  0.6258
1.2920  0.6257
1.2930  0.6256
1.2940  0.6255
1.2950  0.6255
1.2960  0.6254
1.2970  0.6254
1.2980  0.6253
1.2990  0.6252
1.3000  0.6252
1.3010  0.6251
1.3020  0.6251
1.3030  0.6250
1.3040  0.6250
1.3050  0.6249
1.3060  0.6248
1.3070  0.6248
1.3080  0.6247
1.3090  0.6247
1.3100  0.6246
1.3110  0.6246
1.3120  0.6245
1.3130  0.6244
1.3140  0.6244
1.3150  0.6243
1.3160  0.6243
1.3170  0.6242
1.3180  0.6242
1.3190  0.6241
1.3200  0.6241
1.3210  0.6241
1.3220  0.6240
1.3230  0.6240
1.3240  0.6239
1.3250  0.6238
1.3260  0.6238
1.3270  0.6237
1.3280  0.6237
1.3290  0.6236
1.3300  0.6235
1.3310  0.6235
1.3320  0.6234
1.3330  0.6234
1.3340  0.6233
1.3350  0.6233
1.3360  0.6232
1.3370  0.6231
1.3380  0.6230
1.3390  0.6229
1.3400  0.6228
1.3410  0.6227
1.3420  0.6227
1.3430  0.6226
1.3440  0.6225
1.3450  0.6224
1.3460  0.6223
1.3470  0.6222
1.3480  0.6221
1.3490  0.6221
1.3500  0.6220
1.3510  0.6219
1.3520  0.6218
1.3530  0.6217
1.3540  0.6216
1.3550  0.6215
1.3560  0.6214
1.3570  0.6213
1.3580  0.6212
1.3590  0.6211
1.3600  0.6210
1.3610  0.6208
1.3620  0.6206
1.3630  0.6205
1.3640  0.6202
1.3650  0.6200
1.3660  0.6198
1.3670  0.6195
1.3680  0.6192
1.3690  0.6189
1.3700  0.6186
1.3710  0.6182
1.3720  0.6179
1.3730  0.6175
1.3740  0.6171
1.3750  0.6167
1.3760  0.6163
1.3770  0.6158
1.3780  0.6153
1.3790  0.6148
1.3800  0.6142
1.3810  0.6136
1.3820  0.6129
1.3830  0.6122
1.3840  0.6114
1.3850  0.6105
1.3860  0.6095
1.3870  0.6086
1.3880  0.6076
1.3890  0.6067
1.3900  0.6058
1.3910  0.6050
1.3920  0.6044
1.3930  0.6039
1.3940  0.6036
1.3950  0.6034
1.3960  0.6035
1.3970  0.6036
1.3980  0.6039
1.3990  0.6042
1.4000  0.6046
1.4010  0.6049
1.4020  0.6052
1.4030  0.6054
1.4040  0.6055
1.4050  0.6055
1.4060  0.6054
1.4070  0.6051
1.4080  0.6048
1.4090  0.6044
1.4100  0.6039
1.4110  0.6035
1.4120  0.6030
1.4130  0.6026
1.4140  0.6022
1.4150  0.6019
1.4160  0.6016
1.4170  0.6014
1.4180  0.6012
1.4190  0.6011
1.4200  0.6011
1.4210  0.6011
1.4220  0.6011
1.4230  0.6011
1.4240  0.6012
1.4250  0.6013
1.4260  0.6014
1.4270  0.6015
1.4280  0.6016
1.4290  0.6017
1.4300  0.6018
1.4310  0.6018
1.4320  0.6019
1.4330  0.6019
1.4340  0.6020
1.4350  0.6020
1.4360  0.6021
1.4370  0.6022
1.4380  0.6023
1.4390  0.6024
1.4400  0.6026
1.4410  0.6027
1.4420  0.6030
1.4430  0.6032
1.4440  0.6034
1.4450  0.6037
1.4460  0.6039
1.4470  0.6042
1.4480  0.6044
1.4490  0.6046
1.4500  0.6048
1.4510  0.6050
1.4520  0.6052
1.4530  0.6054
1.4540  0.6055
1.4550  0.6056
1.4560  0.6058
1.4570  0.6059
1.4580  0.6060
1.4590  0.6062
1.4600  0.6063
1.4610  0.6064
1.4620  0.6066
1.4630  0.6067
1.4640  0.6069
1.4650  0.6071
1.4660  0.6073
1.4670  0.6074
1.4680  0.6076
1.4690  0.6078
1.4700  0.6080
1.4710  0.6082
1.4720  0.6083
1.4730  0.6085
1.4740  0.6086
1.4750  0.6087
1.4760  0.6088
1.4770  0.6089
1.4780  0.6090
1.4790  0.6091
1.4800  0.6091
1.4810  0.6092
1.4820  0.6092
1.4830  0.6093
1.4840  0.6093
1.4850  0.6093
1.4860  0.6093
1.4870  0.6093
1.4880  0.6093
1.4890  0.6093
1.4900  0.6093
1.4910  0.6093
1.4920  0.6093
1.4930  0.6093
1.4940  0.6093
1.4950  0.6093
1.4960  0.6093
1.4970  0.6093
1.4980  0.6093
1.4990  0.6093
1.5000  0.6092
1.5010  0.6092
1.5020  0.6091
1.5030  0.6091
1.5040  0.6091
1.5050  0.6090
1.5060  0.6090
1.5070  0.6089
1.5080  0.6089
1.5090  0.6088
1.5100  0.6088
1.5110  0.6087
1.5120  0.6087
1.5130  0.6086
1.5140  0.6086
1.5150  0.6086
1.5160  0.6085
1.5170  0.6085
1.5180  0.6084
1.5190  0.6083
1.5200  0.6082
1.5210  0.6081
1.5220  0.6080
1.5230  0.6079
1.5240  0.6079
1.5250  0.6078
1.5260  0.6077
1.5270  0.6076
1.5280  0.6074
1.5290  0.6073
1.5300  0.6072
1.5310  0.6070
1.5320  0.6069
1.5330  0.6068
1.5340  0.6066
1.5350  0.6065
1.5360  0.6063
1.5370  0.6062
1.5380  0.6061
1.5390  0.6059
1.5400  0.6059
1.5410  0.6058
1.5420  0.6058
1.5430  0.6058
1.5440  0.6058
1.5450  0.6058
1.5460  0.6059
1.5470  0.6059
1.5480  0.6060
1.5490  0.6061
1.5500  0.6062
1.5510  0.6062
1.5520  0.6063
1.5530  0.6063
1.5540  0.6064
1.5550  0.6064
1.5560  0.6064
1.5570  0.6064
1.5580  0.6064
1.5590  0.6064
1.5600  0.6064
1.5610  0.6064
1.5620  0.6063
1.5630  0.6063
1.5640  0.6063
1.5650  0.6063
1.5660  0.6062
1.5670  0.6062
1.5680  0.6062
1.5690  0.6062
1.5700  0.6062
1.5710  0.6062
1.5720  0.6061
1.5730  0.6061
1.5740  0.6060
1.5750  0.6060
1.5760  0.6059
1.5770  0.6059
1.5780  0.6058
1.5790  0.6058
1.5800  0.6058
1.5810  0.6057
1.5820  0.6057
1.5830  0.6056
1.5840  0.6056
1.5850  0.6055
1.5860  0.6055
1.5870  0.6054
1.5880  0.6054
1.5890  0.6053
1.5900  0.6052
1.5910  0.6051
1.5920  0.6051
1.5930  0.6050
1.5940  0.6050
1.5950  0.6049
1.5960  0.6049
1.5970  0.6048
1.5980  0.6048
1.5990  0.6047
1.6000  0.6046
1.6010  0.6045
1.6020  0.6045
1.6030  0.6044
1.6040  0.6043
1.6050  0.6043
1.6060  0.6042
1.6070  0.6041
1.6080  0.6040
1.6090  0.6040
1.6100  0.6039
1.6110  0.6038
1.6120  0.6037
1.6130  0.6036
1.6140  0.6035
1.6150  0.6035
1.6160  0.6034
1.6170  0.6033
1.6180  0.6032
1.6190  0.6031
1.6200  0.6030
1.6210  0.6029
1.6220  0.6028
1.6230  0.6027
1.6240  0.6026
1.6250  0.6025
1.6260  0.6024
1.6270  0.6023
1.6280  0.6022
1.6290  0.6021
1.6300  0.6020
1.6310  0.6019
1.6320  0.6018
1.6330  0.6017
1.6340  0.6016
1.6350  0.6015
1.6360  0.6014
1.6370  0.6013
1.6380  0.6012
1.6390  0.6012
1.6400  0.6011
1.6410  0.6010
1.6420  0.6010
1.6430  0.6009
1.6440  0.6008
1.6450  0.6007
1.6460  0.6006
1.6470  0.6005
1.6480  0.6004
1.6490  0.6004
1.6500  0.6003
1.6510  0.6001
1.6520  0.6000
1.6530  0.5999
1.6540  0.5998
1.6550  0.5996
1.6560  0.5995
1.6570  0.5993
1.6580  0.5992
1.6590  0.5990
1.6600  0.5988
1.6610  0.5986
1.6620  0.5984
1.6630  0.5982
1.6640  0.5979
1.6650  0.5977
1.6660  0.5975
1.6670  0.5972
1.6680  0.5969
1.6690  0.5967
1.6700  0.5964
1.6710  0.5961
1.6720  0.5957
1.6730  0.5954
1.6740  0.5950
1.6750  0.5946
1.6760  0.5942
1.6770  0.5938
1.6780  0.5934
1.6790  0.5930
1.6800  0.5925
1.6810  0.5921
1.6820  0.5917
1.6830  0.5912
1.6840  0.5908
1.6850  0.5903
1.6860  0.5898
1.6870  0.5893
1.6880  0.5888
1.6890  0.5883
1.6900  0.5877
1.6910  0.5871
1.6920  0.5864
1.6930  0.5857
1.6940  0.5850
1.6950  0.5841
1.6960  0.5831
1.6970  0.5820
1.6980  0.5807
1.6990  0.5793
1.7000  0.5777
1.7020  0.5739
1.7050  0.5665
1.7100  0.5505
1.7150  0.5322
1.7200  0.5113
1.7250  0.4851
1.7300  0.4655
1.7350  0.4755
1.7400  0.5058
1.7450  0.5297
1.7500  0.5397
1.7550  0.5365
1.7600  0.5248
1.7650  0.5181
1.7700  0.5261
1.7750  0.5396
1.7800  0.5477
1.7850  0.5514
1.7900  0.5521
1.7950  0.5504
1.8000  0.5487
1.8050  0.5495
1.8100  0.5490
1.8150  0.5484
1.8200  0.5483
1.8250  0.5489
1.8300  0.5502
1.8350  0.5510
1.8400  0.5522
1.8450  0.5541
1.8500  0.5563
1.8550  0.5584
1.8600  0.5600
1.8650  0.5617
1.8700  0.5633
1.8750  0.5636
1.8800  0.5630
1.8850  0.5624
1.8900  0.5624
1.8950  0.5624
1.9000  0.5621
1.9050  0.5616
1.9100  0.5610
1.9150  0.5604
1.9200  0.5599
1.9250  0.5593
1.9300  0.5588
1.9350  0.5588
1.9400  0.5588
1.9450  0.5589
1.9500  0.5586
1.9550  0.5581
1.9600  0.5575
1.9650  0.5571
1.9700  0.5569
1.9750  0.5567
1.9800  0.5567
1.9850  0.5565
1.9900  0.5560
1.9950  0.5549
2.0000  0.5534
2.0050  0.5517
2.0100  0.5505
2.0150  0.5509
2.0200  0.5521
2.0250  0.5534
2.0300  0.5538
2.0350  0.5536
2.0400  0.5532
2.0450  0.5527
2.0500  0.5526
2.0550  0.5530
2.0600  0.5542
2.0650  0.5558
2.0700  0.5575
2.0750  0.5587
2.0800  0.5599
2.0850  0.5608
2.0900  0.5613
2.0950  0.5619
2.1000  0.5625
2.1050  0.5632
2.1100  0.5635
2.1150  0.5637
2.1200  0.5639
2.1250  0.5638
2.1300  0.5633
2.1350  0.5624
2.1400  0.5615
2.1450  0.5612
2.1500  0.5613
2.1550  0.5612
2.1600  0.5608
2.1650  0.5601
2.1700  0.5595
2.1750  0.5588
2.1800  0.5581
2.1850  0.5572
2.1900  0.5561
2.1950  0.5546
2.2000  0.5530
2.2050  0.5514
2.2100  0.5496
2.2150  0.5471
2.2200  0.5442
2.2250  0.5410
2.2300  0.5379
2.2350  0.5345
2.2400  0.5309
2.2450  0.5266
2.2500  0.5217
2.2550  0.5162
2.2600  0.5094
2.2650  0.5000
2.2700  0.4865
2.2750  0.4693
2.2800  0.4500
2.2850  0.4295
2.2900  0.4060
2.2950  0.3743
2.3000  0.3319
2.3050  0.2832
2.3100  0.2478
2.3150  0.2635
2.3200  0.3236
2.3250  0.3695
2.3300  0.3800
2.3350  0.3718
2.3400  0.3528
2.3450  0.3182
2.3500  0.2883
2.3550  0.2942
2.3600  0.3165
2.3650  0.3207
2.3700  0.3152
2.3750  0.3104
2.3800  0.3006
2.3850  0.2909
2.3900  0.2887
2.3950  0.2903
2.4000  0.2921
2.4050  0.2931
2.4100  0.2940
2.4150  0.2961
2.4200  0.2986
2.4250  0.2997
2.4300  0.2991
2.4350  0.2975
2.4400  0.3000
2.4450  0.3122
2.4500  0.3312
2.4550  0.3476
2.4600  0.3584
2.4650  0.3648
2.4700  0.3706
2.4750  0.3732
2.4800  0.3747
2.4850  0.3795
2.4900  0.3922
2.4950  0.4065
2.5000  0.4164
