0.3500
2.5000
BuildingBrickDarkRed                
0.3500  0.0535
0.3505  0.0535
0.3510  0.0535
0.3515  0.0535
0.3520  0.0535
0.3525  0.0536
0.3530  0.0536
0.3535  0.0536
0.3540  0.0537
0.3545  0.0537
0.3550  0.0538
0.3555  0.0538
0.3560  0.0539
0.3565  0.0539
0.3570  0.0539
0.3575  0.0540
0.3580  0.0540
0.3585  0.0540
0.3590  0.0540
0.3595  0.0540
0.3600  0.0541
0.3605  0.0541
0.3610  0.0541
0.3615  0.0541
0.3620  0.0542
0.3625  0.0542
0.3630  0.0543
0.3635  0.0543
0.3640  0.0544
0.3645  0.0545
0.3650  0.0545
0.3655  0.0546
0.3660  0.0547
0.3665  0.0547
0.3670  0.0547
0.3675  0.0548
0.3680  0.0548
0.3685  0.0548
0.3690  0.0548
0.3695  0.0548
0.3700  0.0549
0.3705  0.0549
0.3710  0.0550
0.3715  0.0550
0.3720  0.0551
0.3725  0.0552
0.3730  0.0553
0.3735  0.0554
0.3740  0.0555
0.3745  0.0555
0.3750  0.0556
0.3755  0.0556
0.3760  0.0557
0.3765  0.0557
0.3770  0.0557
0.3775  0.0557
0.3780  0.0558
0.3785  0.0558
0.3790  0.0558
0.3795  0.0559
0.3800  0.0559
0.3805  0.0560
0.3810  0.0560
0.3815  0.0561
0.3820  0.0562
0.3825  0.0562
0.3830  0.0562
0.3835  0.0563
0.3840  0.0563
0.3845  0.0563
0.3850  0.0563
0.3855  0.0563
0.3860  0.0563
0.3865  0.0564
0.3870  0.0564
0.3875  0.0564
0.3880  0.0564
0.3885  0.0564
0.3890  0.0565
0.3895  0.0565
0.3900  0.0565
0.3905  0.0566
0.3910  0.0566
0.3915  0.0566
0.3920  0.0567
0.3925  0.0567
0.3930  0.0568
0.3935  0.0568
0.3940  0.0568
0.3945  0.0568
0.3950  0.0568
0.3955  0.0568
0.3960  0.0568
0.3965  0.0567
0.3970  0.0567
0.3975  0.0567
0.3980  0.0567
0.3985  0.0568
0.3990  0.0568
0.3995  0.0568
0.4000  0.0569
0.4010  0.0569
0.4020  0.0569
0.4030  0.0569
0.4040  0.0569
0.4050  0.0570
0.4060  0.0570
0.4070  0.0570
0.4080  0.0570
0.4090  0.0570
0.4100  0.0570
0.4110  0.0570
0.4120  0.0570
0.4130  0.0571
0.4140  0.0571
0.4150  0.0572
0.4160  0.0572
0.4170  0.0571
0.4180  0.0571
0.4190  0.0571
0.4200  0.0571
0.4210  0.0571
0.4220  0.0571
0.4230  0.0571
0.4240  0.0571
0.4250  0.0570
0.4260  0.0570
0.4270  0.0570
0.4280  0.0570
0.4290  0.0570
0.4300  0.0570
0.4310  0.0570
0.4320  0.0570
0.4330  0.0570
0.4340  0.0569
0.4350  0.0569
0.4360  0.0569
0.4370  0.0569
0.4380  0.0569
0.4390  0.0568
0.4400  0.0568
0.4410  0.0568
0.4420  0.0567
0.4430  0.0567
0.4440  0.0567
0.4450  0.0567
0.4460  0.0567
0.4470  0.0567
0.4480  0.0567
0.4490  0.0567
0.4500  0.0566
0.4510  0.0566
0.4520  0.0566
0.4530  0.0567
0.4540  0.0567
0.4550  0.0567
0.4560  0.0567
0.4570  0.0567
0.4580  0.0567
0.4590  0.0567
0.4600  0.0567
0.4610  0.0567
0.4620  0.0567
0.4630  0.0567
0.4640  0.0568
0.4650  0.0568
0.4660  0.0568
0.4670  0.0568
0.4680  0.0568
0.4690  0.0568
0.4700  0.0568
0.4710  0.0568
0.4720  0.0568
0.4730  0.0569
0.4740  0.0569
0.4750  0.0569
0.4760  0.0569
0.4770  0.0569
0.4780  0.0570
0.4790  0.0570
0.4800  0.0570
0.4810  0.0570
0.4820  0.0571
0.4830  0.0571
0.4840  0.0572
0.4850  0.0572
0.4860  0.0573
0.4870  0.0573
0.4880  0.0574
0.4890  0.0574
0.4900  0.0575
0.4910  0.0576
0.4920  0.0576
0.4930  0.0577
0.4940  0.0578
0.4950  0.0579
0.4960  0.0579
0.4970  0.0580
0.4980  0.0581
0.4990  0.0582
0.5000  0.0583
0.5010  0.0584
0.5020  0.0584
0.5030  0.0585
0.5040  0.0586
0.5050  0.0587
0.5060  0.0588
0.5070  0.0589
0.5080  0.0590
0.5090  0.0591
0.5100  0.0592
0.5110  0.0593
0.5120  0.0595
0.5130  0.0596
0.5140  0.0597
0.5150  0.0598
0.5160  0.0600
0.5170  0.0601
0.5180  0.0603
0.5190  0.0604
0.5200  0.0606
0.5210  0.0607
0.5220  0.0609
0.5230  0.0610
0.5240  0.0612
0.5250  0.0614
0.5260  0.0616
0.5270  0.0618
0.5280  0.0620
0.5290  0.0622
0.5300  0.0625
0.5310  0.0627
0.5320  0.0629
0.5330  0.0632
0.5340  0.0635
0.5350  0.0638
0.5360  0.0641
0.5370  0.0644
0.5380  0.0648
0.5390  0.0651
0.5400  0.0655
0.5410  0.0659
0.5420  0.0663
0.5430  0.0668
0.5440  0.0672
0.5450  0.0677
0.5460  0.0682
0.5470  0.0688
0.5480  0.0694
0.5490  0.0700
0.5500  0.0706
0.5510  0.0713
0.5520  0.0720
0.5530  0.0727
0.5540  0.0735
0.5550  0.0743
0.5560  0.0751
0.5570  0.0760
0.5580  0.0769
0.5590  0.0779
0.5600  0.0789
0.5610  0.0799
0.5620  0.0810
0.5630  0.0821
0.5640  0.0832
0.5650  0.0844
0.5660  0.0857
0.5670  0.0869
0.5680  0.0882
0.5690  0.0895
0.5700  0.0909
0.5710  0.0922
0.5720  0.0937
0.5730  0.0951
0.5740  0.0965
0.5750  0.0980
0.5760  0.0995
0.5770  0.1010
0.5780  0.1025
0.5790  0.1040
0.5800  0.1055
0.5810  0.1070
0.5820  0.1085
0.5830  0.1100
0.5840  0.1114
0.5850  0.1129
0.5860  0.1144
0.5870  0.1158
0.5880  0.1172
0.5890  0.1186
0.5900  0.1200
0.5910  0.1214
0.5920  0.1227
0.5930  0.1239
0.5940  0.1252
0.5950  0.1264
0.5960  0.1276
0.5970  0.1288
0.5980  0.1299
0.5990  0.1310
0.6000  0.1321
0.6010  0.1331
0.6020  0.1342
0.6030  0.1352
0.6040  0.1361
0.6050  0.1370
0.6060  0.1380
0.6070  0.1388
0.6080  0.1397
0.6090  0.1405
0.6100  0.1413
0.6110  0.1421
0.6120  0.1428
0.6130  0.1435
0.6140  0.1443
0.6150  0.1449
0.6160  0.1456
0.6170  0.1463
0.6180  0.1469
0.6190  0.1475
0.6200  0.1481
0.6210  0.1487
0.6220  0.1493
0.6230  0.1499
0.6240  0.1504
0.6250  0.1510
0.6260  0.1515
0.6270  0.1520
0.6280  0.1526
0.6290  0.1531
0.6300  0.1536
0.6310  0.1541
0.6320  0.1546
0.6330  0.1550
0.6340  0.1555
0.6350  0.1560
0.6360  0.1565
0.6370  0.1570
0.6380  0.1574
0.6390  0.1579
0.6400  0.1584
0.6410  0.1588
0.6420  0.1593
0.6430  0.1598
0.6440  0.1602
0.6450  0.1607
0.6460  0.1611
0.6470  0.1616
0.6480  0.1621
0.6490  0.1625
0.6500  0.1630
0.6510  0.1635
0.6520  0.1640
0.6530  0.1644
0.6540  0.1649
0.6550  0.1654
0.6560  0.1659
0.6570  0.1663
0.6580  0.1668
0.6590  0.1673
0.6600  0.1678
0.6610  0.1683
0.6620  0.1688
0.6630  0.1693
0.6640  0.1698
0.6650  0.1703
0.6660  0.1708
0.6670  0.1713
0.6680  0.1718
0.6690  0.1724
0.6700  0.1729
0.6710  0.1734
0.6720  0.1739
0.6730  0.1745
0.6740  0.1750
0.6750  0.1756
0.6760  0.1761
0.6770  0.1767
0.6780  0.1772
0.6790  0.1778
0.6800  0.1784
0.6810  0.1790
0.6820  0.1795
0.6830  0.1801
0.6840  0.1807
0.6850  0.1813
0.6860  0.1819
0.6870  0.1825
0.6880  0.1831
0.6890  0.1837
0.6900  0.1843
0.6910  0.1849
0.6920  0.1855
0.6930  0.1862
0.6940  0.1868
0.6950  0.1874
0.6960  0.1880
0.6970  0.1887
0.6980  0.1893
0.6990  0.1899
0.7000  0.1906
0.7010  0.1912
0.7020  0.1919
0.7030  0.1925
0.7040  0.1931
0.7050  0.1938
0.7060  0.1944
0.7070  0.1951
0.7080  0.1957
0.7090  0.1963
0.7100  0.1970
0.7110  0.1976
0.7120  0.1982
0.7130  0.1989
0.7140  0.1995
0.7150  0.2001
0.7160  0.2007
0.7170  0.2013
0.7180  0.2019
0.7190  0.2025
0.7200  0.2031
0.7210  0.2037
0.7220  0.2043
0.7230  0.2049
0.7240  0.2054
0.7250  0.2060
0.7260  0.2066
0.7270  0.2071
0.7280  0.2077
0.7290  0.2082
0.7300  0.2087
0.7310  0.2092
0.7320  0.2097
0.7330  0.2102
0.7340  0.2107
0.7350  0.2112
0.7360  0.2116
0.7370  0.2121
0.7380  0.2125
0.7390  0.2130
0.7400  0.2134
0.7410  0.2138
0.7420  0.2142
0.7430  0.2146
0.7440  0.2150
0.7450  0.2153
0.7460  0.2157
0.7470  0.2160
0.7480  0.2163
0.7490  0.2167
0.7500  0.2170
0.7510  0.2173
0.7520  0.2175
0.7530  0.2178
0.7540  0.2181
0.7550  0.2183
0.7560  0.2186
0.7570  0.2188
0.7580  0.2190
0.7590  0.2192
0.7600  0.2194
0.7610  0.2196
0.7620  0.2197
0.7630  0.2199
0.7640  0.2200
0.7650  0.2202
0.7660  0.2203
0.7670  0.2204
0.7680  0.2205
0.7690  0.2206
0.7700  0.2207
0.7710  0.2208
0.7720  0.2209
0.7730  0.2209
0.7740  0.2210
0.7750  0.2210
0.7760  0.2211
0.7770  0.2211
0.7780  0.2211
0.7790  0.2211
0.7800  0.2211
0.7810  0.2211
0.7820  0.2211
0.7830  0.2211
0.7840  0.2210
0.7850  0.2210
0.7860  0.2210
0.7870  0.2209
0.7880  0.2209
0.7890  0.2208
0.7900  0.2207
0.7910  0.2207
0.7920  0.2206
0.7930  0.2205
0.7940  0.2204
0.7950  0.2203
0.7960  0.2202
0.7970  0.2201
0.7980  0.2200
0.7990  0.2199
0.8000  0.2198
0.8010  0.2196
0.8020  0.2195
0.8030  0.2194
0.8040  0.2193
0.8050  0.2191
0.8060  0.2190
0.8070  0.2189
0.8080  0.2187
0.8090  0.2186
0.8100  0.2185
0.8110  0.2183
0.8120  0.2182
0.8130  0.2180
0.8140  0.2179
0.8150  0.2177
0.8160  0.2176
0.8170  0.2174
0.8180  0.2173
0.8190  0.2171
0.8200  0.2170
0.8210  0.2168
0.8220  0.2167
0.8230  0.2165
0.8240  0.2164
0.8250  0.2163
0.8260  0.2161
0.8270  0.2160
0.8280  0.2158
0.8290  0.2157
0.8300  0.2156
0.8310  0.2154
0.8320  0.2153
0.8330  0.2151
0.8340  0.2150
0.8350  0.2149
0.8360  0.2147
0.8370  0.2146
0.8380  0.2145
0.8390  0.2144
0.8400  0.2142
0.8410  0.2141
0.8420  0.2140
0.8430  0.2139
0.8440  0.2138
0.8450  0.2137
0.8460  0.2136
0.8470  0.2135
0.8480  0.2134
0.8490  0.2133
0.8500  0.2133
0.8510  0.2132
0.8520  0.2131
0.8530  0.2130
0.8540  0.2129
0.8550  0.2129
0.8560  0.2128
0.8570  0.2127
0.8580  0.2127
0.8590  0.2126
0.8600  0.2126
0.8610  0.2125
0.8620  0.2125
0.8630  0.2125
0.8640  0.2124
0.8650  0.2124
0.8660  0.2124
0.8670  0.2124
0.8680  0.2123
0.8690  0.2123
0.8700  0.2123
0.8710  0.2123
0.8720  0.2123
0.8730  0.2123
0.8740  0.2123
0.8750  0.2123
0.8760  0.2123
0.8770  0.2124
0.8780  0.2124
0.8790  0.2124
0.8800  0.2124
0.8810  0.2125
0.8820  0.2125
0.8830  0.2126
0.8840  0.2126
0.8850  0.2127
0.8860  0.2128
0.8870  0.2128
0.8880  0.2129
0.8890  0.2130
0.8900  0.2130
0.8910  0.2131
0.8920  0.2132
0.8930  0.2133
0.8940  0.2134
0.8950  0.2135
0.8960  0.2136
0.8970  0.2137
0.8980  0.2138
0.8990  0.2139
0.9000  0.2140
0.9010  0.2142
0.9020  0.2143
0.9030  0.2144
0.9040  0.2146
0.9050  0.2147
0.9060  0.2149
0.9070  0.2150
0.9080  0.2152
0.9090  0.2153
0.9100  0.2155
0.9110  0.2156
0.9120  0.2158
0.9130  0.2160
0.9140  0.2161
0.9150  0.2163
0.9160  0.2165
0.9170  0.2167
0.9180  0.2169
0.9190  0.2171
0.9200  0.2173
0.9210  0.2175
0.9220  0.2177
0.9230  0.2179
0.9240  0.2181
0.9250  0.2183
0.9260  0.2185
0.9270  0.2187
0.9280  0.2189
0.9290  0.2192
0.9300  0.2194
0.9310  0.2196
0.9320  0.2199
0.9330  0.2201
0.9340  0.2204
0.9350  0.2206
0.9360  0.2209
0.9370  0.2211
0.9380  0.2214
0.9390  0.2216
0.9400  0.2219
0.9410  0.2221
0.9420  0.2224
0.9430  0.2227
0.9440  0.2229
0.9450  0.2232
0.9460  0.2235
0.9470  0.2238
0.9480  0.2240
0.9490  0.2243
0.9500  0.2246
0.9510  0.2249
0.9520  0.2252
0.9530  0.2255
0.9540  0.2257
0.9550  0.2260
0.9560  0.2263
0.9570  0.2266
0.9580  0.2269
0.9590  0.2272
0.9600  0.2275
0.9610  0.2278
0.9620  0.2281
0.9630  0.2284
0.9640  0.2287
0.9650  0.2290
0.9660  0.2293
0.9670  0.2296
0.9680  0.2299
0.9690  0.2302
0.9700  0.2305
0.9710  0.2308
0.9720  0.2311
0.9730  0.2314
0.9740  0.2317
0.9750  0.2320
0.9760  0.2323
0.9770  0.2326
0.9780  0.2329
0.9790  0.2333
0.9800  0.2336
0.9810  0.2339
0.9820  0.2342
0.9830  0.2345
0.9840  0.2348
0.9850  0.2351
0.9860  0.2354
0.9870  0.2357
0.9880  0.2360
0.9890  0.2363
0.9900  0.2365
0.9910  0.2368
0.9920  0.2371
0.9930  0.2374
0.9940  0.2377
0.9950  0.2380
0.9960  0.2382
0.9970  0.2385
0.9980  0.2389
0.9990  0.2392
1.0000  0.2394
1.0010  0.2392
1.0020  0.2388
1.0030  0.2384
1.0040  0.2382
1.0050  0.2384
1.0060  0.2388
1.0070  0.2392
1.0080  0.2394
1.0090  0.2396
1.0100  0.2398
1.0110  0.2401
1.0120  0.2404
1.0130  0.2407
1.0140  0.2410
1.0150  0.2412
1.0160  0.2415
1.0170  0.2417
1.0180  0.2419
1.0190  0.2422
1.0200  0.2424
1.0210  0.2427
1.0220  0.2429
1.0230  0.2431
1.0240  0.2432
1.0250  0.2434
1.0260  0.2436
1.0270  0.2439
1.0280  0.2441
1.0290  0.2443
1.0300  0.2445
1.0310  0.2447
1.0320  0.2449
1.0330  0.2452
1.0340  0.2454
1.0350  0.2456
1.0360  0.2457
1.0370  0.2459
1.0380  0.2460
1.0390  0.2462
1.0400  0.2464
1.0410  0.2466
1.0420  0.2467
1.0430  0.2469
1.0440  0.2471
1.0450  0.2472
1.0460  0.2474
1.0470  0.2475
1.0480  0.2477
1.0490  0.2478
1.0500  0.2479
1.0510  0.2481
1.0520  0.2482
1.0530  0.2483
1.0540  0.2485
1.0550  0.2486
1.0560  0.2487
1.0570  0.2489
1.0580  0.2490
1.0590  0.2491
1.0600  0.2492
1.0610  0.2493
1.0620  0.2494
1.0630  0.2495
1.0640  0.2496
1.0650  0.2497
1.0660  0.2498
1.0670  0.2499
1.0680  0.2500
1.0690  0.2500
1.0700  0.2501
1.0710  0.2502
1.0720  0.2503
1.0730  0.2504
1.0740  0.2505
1.0750  0.2506
1.0760  0.2507
1.0770  0.2507
1.0780  0.2508
1.0790  0.2509
1.0800  0.2509
1.0810  0.2510
1.0820  0.2511
1.0830  0.2511
1.0840  0.2512
1.0850  0.2512
1.0860  0.2513
1.0870  0.2513
1.0880  0.2514
1.0890  0.2515
1.0900  0.2515
1.0910  0.2516
1.0920  0.2516
1.0930  0.2516
1.0940  0.2517
1.0950  0.2517
1.0960  0.2518
1.0970  0.2518
1.0980  0.2519
1.0990  0.2519
1.1000  0.2519
1.1010  0.2519
1.1020  0.2519
1.1030  0.2520
1.1040  0.2520
1.1050  0.2520
1.1060  0.2521
1.1070  0.2521
1.1080  0.2521
1.1090  0.2521
1.1100  0.2521
1.1110  0.2522
1.1120  0.2522
1.1130  0.2522
1.1140  0.2522
1.1150  0.2523
1.1160  0.2523
1.1170  0.2523
1.1180  0.2523
1.1190  0.2523
1.1200  0.2523
1.1210  0.2523
1.1220  0.2524
1.1230  0.2524
1.1240  0.2524
1.1250  0.2524
1.1260  0.2523
1.1270  0.2523
1.1280  0.2523
1.1290  0.2524
1.1300  0.2524
1.1310  0.2524
1.1320  0.2524
1.1330  0.2524
1.1340  0.2524
1.1350  0.2524
1.1360  0.2524
1.1370  0.2523
1.1380  0.2523
1.1390  0.2523
1.1400  0.2523
1.1410  0.2523
1.1420  0.2523
1.1430  0.2523
1.1440  0.2523
1.1450  0.2523
1.1460  0.2523
1.1470  0.2522
1.1480  0.2522
1.1490  0.2522
1.1500  0.2521
1.1510  0.2521
1.1520  0.2521
1.1530  0.2521
1.1540  0.2520
1.1550  0.2520
1.1560  0.2520
1.1570  0.2520
1.1580  0.2520
1.1590  0.2519
1.1600  0.2519
1.1610  0.2519
1.1620  0.2519
1.1630  0.2518
1.1640  0.2518
1.1650  0.2517
1.1660  0.2517
1.1670  0.2517
1.1680  0.2516
1.1690  0.2516
1.1700  0.2515
1.1710  0.2515
1.1720  0.2514
1.1730  0.2514
1.1740  0.2513
1.1750  0.2513
1.1760  0.2513
1.1770  0.2512
1.1780  0.2512
1.1790  0.2511
1.1800  0.2511
1.1810  0.2510
1.1820  0.2510
1.1830  0.2509
1.1840  0.2509
1.1850  0.2508
1.1860  0.2508
1.1870  0.2508
1.1880  0.2507
1.1890  0.2507
1.1900  0.2506
1.1910  0.2505
1.1920  0.2505
1.1930  0.2504
1.1940  0.2504
1.1950  0.2503
1.1960  0.2503
1.1970  0.2503
1.1980  0.2502
1.1990  0.2501
1.2000  0.2501
1.2010  0.2501
1.2020  0.2500
1.2030  0.2500
1.2040  0.2499
1.2050  0.2499
1.2060  0.2498
1.2070  0.2498
1.2080  0.2497
1.2090  0.2497
1.2100  0.2496
1.2110  0.2496
1.2120  0.2495
1.2130  0.2495
1.2140  0.2494
1.2150  0.2494
1.2160  0.2493
1.2170  0.2493
1.2180  0.2493
1.2190  0.2492
1.2200  0.2492
1.2210  0.2491
1.2220  0.2490
1.2230  0.2490
1.2240  0.2489
1.2250  0.2489
1.2260  0.2489
1.2270  0.2489
1.2280  0.2488
1.2290  0.2488
1.2300  0.2487
1.2310  0.2486
1.2320  0.2486
1.2330  0.2485
1.2340  0.2485
1.2350  0.2484
1.2360  0.2484
1.2370  0.2484
1.2380  0.2483
1.2390  0.2483
1.2400  0.2482
1.2410  0.2482
1.2420  0.2481
1.2430  0.2481
1.2440  0.2480
1.2450  0.2480
1.2460  0.2480
1.2470  0.2479
1.2480  0.2479
1.2490  0.2478
1.2500  0.2478
1.2510  0.2477
1.2520  0.2477
1.2530  0.2476
1.2540  0.2476
1.2550  0.2476
1.2560  0.2475
1.2570  0.2475
1.2580  0.2474
1.2590  0.2474
1.2600  0.2474
1.2610  0.2473
1.2620  0.2473
1.2630  0.2473
1.2640  0.2472
1.2650  0.2472
1.2660  0.2472
1.2670  0.2471
1.2680  0.2471
1.2690  0.2470
1.2700  0.2470
1.2710  0.2469
1.2720  0.2469
1.2730  0.2468
1.2740  0.2467
1.2750  0.2467
1.2760  0.2466
1.2770  0.2466
1.2780  0.2466
1.2790  0.2465
1.2800  0.2465
1.2810  0.2465
1.2820  0.2464
1.2830  0.2464
1.2840  0.2464
1.2850  0.2463
1.2860  0.2463
1.2870  0.2463
1.2880  0.2462
1.2890  0.2462
1.2900  0.2462
1.2910  0.2461
1.2920  0.2461
1.2930  0.2461
1.2940  0.2460
1.2950  0.2460
1.2960  0.2459
1.2970  0.2459
1.2980  0.2459
1.2990  0.2458
1.3000  0.2458
1.3010  0.2458
1.3020  0.2457
1.3030  0.2457
1.3040  0.2457
1.3050  0.2456
1.3060  0.2456
1.3070  0.2456
1.3080  0.2456
1.3090  0.2455
1.3100  0.2455
1.3110  0.2455
1.3120  0.2454
1.3130  0.2454
1.3140  0.2454
1.3150  0.2454
1.3160  0.2453
1.3170  0.2453
1.3180  0.2453
1.3190  0.2452
1.3200  0.2452
1.3210  0.2452
1.3220  0.2452
1.3230  0.2451
1.3240  0.2451
1.3250  0.2451
1.3260  0.2451
1.3270  0.2451
1.3280  0.2450
1.3290  0.2450
1.3300  0.2450
1.3310  0.2450
1.3320  0.2449
1.3330  0.2449
1.3340  0.2449
1.3350  0.2449
1.3360  0.2449
1.3370  0.2449
1.3380  0.2448
1.3390  0.2448
1.3400  0.2448
1.3410  0.2448
1.3420  0.2448
1.3430  0.2448
1.3440  0.2447
1.3450  0.2447
1.3460  0.2447
1.3470  0.2447
1.3480  0.2447
1.3490  0.2447
1.3500  0.2447
1.3510  0.2447
1.3520  0.2447
1.3530  0.2447
1.3540  0.2447
1.3550  0.2447
1.3560  0.2447
1.3570  0.2447
1.3580  0.2447
1.3590  0.2447
1.3600  0.2447
1.3610  0.2447
1.3620  0.2447
1.3630  0.2447
1.3640  0.2447
1.3650  0.2447
1.3660  0.2446
1.3670  0.2446
1.3680  0.2446
1.3690  0.2446
1.3700  0.2446
1.3710  0.2446
1.3720  0.2446
1.3730  0.2446
1.3740  0.2446
1.3750  0.2446
1.3760  0.2446
1.3770  0.2446
1.3780  0.2446
1.3790  0.2446
1.3800  0.2446
1.3810  0.2445
1.3820  0.2445
1.3830  0.2446
1.3840  0.2446
1.3850  0.2446
1.3860  0.2446
1.3870  0.2446
1.3880  0.2446
1.3890  0.2446
1.3900  0.2446
1.3910  0.2445
1.3920  0.2446
1.3930  0.2446
1.3940  0.2446
1.3950  0.2446
1.3960  0.2445
1.3970  0.2445
1.3980  0.2445
1.3990  0.2445
1.4000  0.2445
1.4010  0.2445
1.4020  0.2445
1.4030  0.2445
1.4040  0.2445
1.4050  0.2445
1.4060  0.2445
1.4070  0.2445
1.4080  0.2445
1.4090  0.2445
1.4100  0.2445
1.4110  0.2445
1.4120  0.2445
1.4130  0.2445
1.4140  0.2445
1.4150  0.2445
1.4160  0.2445
1.4170  0.2445
1.4180  0.2445
1.4190  0.2446
1.4200  0.2446
1.4210  0.2446
1.4220  0.2446
1.4230  0.2446
1.4240  0.2446
1.4250  0.2447
1.4260  0.2447
1.4270  0.2447
1.4280  0.2447
1.4290  0.2448
1.4300  0.2448
1.4310  0.2448
1.4320  0.2448
1.4330  0.2449
1.4340  0.2449
1.4350  0.2449
1.4360  0.2449
1.4370  0.2450
1.4380  0.2450
1.4390  0.2450
1.4400  0.2450
1.4410  0.2450
1.4420  0.2451
1.4430  0.2451
1.4440  0.2451
1.4450  0.2451
1.4460  0.2451
1.4470  0.2452
1.4480  0.2452
1.4490  0.2452
1.4500  0.2452
1.4510  0.2452
1.4520  0.2453
1.4530  0.2453
1.4540  0.2453
1.4550  0.2453
1.4560  0.2453
1.4570  0.2454
1.4580  0.2454
1.4590  0.2454
1.4600  0.2454
1.4610  0.2455
1.4620  0.2455
1.4630  0.2455
1.4640  0.2455
1.4650  0.2456
1.4660  0.2456
1.4670  0.2456
1.4680  0.2456
1.4690  0.2456
1.4700  0.2457
1.4710  0.2457
1.4720  0.2457
1.4730  0.2457
1.4740  0.2457
1.4750  0.2458
1.4760  0.2458
1.4770  0.2458
1.4780  0.2458
1.4790  0.2459
1.4800  0.2459
1.4810  0.2459
1.4820  0.2460
1.4830  0.2460
1.4840  0.2460
1.4850  0.2460
1.4860  0.2461
1.4870  0.2461
1.4880  0.2461
1.4890  0.2462
1.4900  0.2462
1.4910  0.2462
1.4920  0.2462
1.4930  0.2463
1.4940  0.2463
1.4950  0.2463
1.4960  0.2463
1.4970  0.2464
1.4980  0.2464
1.4990  0.2464
1.5000  0.2465
1.5010  0.2465
1.5020  0.2465
1.5030  0.2466
1.5040  0.2466
1.5050  0.2466
1.5060  0.2467
1.5070  0.2467
1.5080  0.2467
1.5090  0.2468
1.5100  0.2468
1.5110  0.2468
1.5120  0.2469
1.5130  0.2469
1.5140  0.2469
1.5150  0.2470
1.5160  0.2470
1.5170  0.2470
1.5180  0.2471
1.5190  0.2471
1.5200  0.2472
1.5210  0.2472
1.5220  0.2473
1.5230  0.2473
1.5240  0.2474
1.5250  0.2474
1.5260  0.2474
1.5270  0.2475
1.5280  0.2475
1.5290  0.2476
1.5300  0.2476
1.5310  0.2476
1.5320  0.2477
1.5330  0.2477
1.5340  0.2478
1.5350  0.2478
1.5360  0.2479
1.5370  0.2479
1.5380  0.2479
1.5390  0.2480
1.5400  0.2480
1.5410  0.2481
1.5420  0.2481
1.5430  0.2482
1.5440  0.2482
1.5450  0.2482
1.5460  0.2483
1.5470  0.2483
1.5480  0.2484
1.5490  0.2484
1.5500  0.2484
1.5510  0.2485
1.5520  0.2485
1.5530  0.2486
1.5540  0.2486
1.5550  0.2487
1.5560  0.2487
1.5570  0.2488
1.5580  0.2488
1.5590  0.2489
1.5600  0.2489
1.5610  0.2490
1.5620  0.2490
1.5630  0.2491
1.5640  0.2491
1.5650  0.2492
1.5660  0.2492
1.5670  0.2493
1.5680  0.2493
1.5690  0.2494
1.5700  0.2494
1.5710  0.2495
1.5720  0.2495
1.5730  0.2496
1.5740  0.2496
1.5750  0.2497
1.5760  0.2497
1.5770  0.2498
1.5780  0.2498
1.5790  0.2499
1.5800  0.2499
1.5810  0.2500
1.5820  0.2500
1.5830  0.2501
1.5840  0.2502
1.5850  0.2502
1.5860  0.2503
1.5870  0.2503
1.5880  0.2504
1.5890  0.2504
1.5900  0.2505
1.5910  0.2505
1.5920  0.2506
1.5930  0.2507
1.5940  0.2507
1.5950  0.2508
1.5960  0.2508
1.5970  0.2508
1.5980  0.2509
1.5990  0.2509
1.6000  0.2510
1.6010  0.2510
1.6020  0.2511
1.6030  0.2512
1.6040  0.2512
1.6050  0.2513
1.6060  0.2513
1.6070  0.2514
1.6080  0.2515
1.6090  0.2515
1.6100  0.2516
1.6110  0.2517
1.6120  0.2517
1.6130  0.2518
1.6140  0.2518
1.6150  0.2519
1.6160  0.2519
1.6170  0.2520
1.6180  0.2520
1.6190  0.2521
1.6200  0.2522
1.6210  0.2522
1.6220  0.2523
1.6230  0.2524
1.6240  0.2525
1.6250  0.2525
1.6260  0.2526
1.6270  0.2526
1.6280  0.2527
1.6290  0.2528
1.6300  0.2528
1.6310  0.2529
1.6320  0.2530
1.6330  0.2530
1.6340  0.2531
1.6350  0.2532
1.6360  0.2532
1.6370  0.2533
1.6380  0.2533
1.6390  0.2534
1.6400  0.2535
1.6410  0.2535
1.6420  0.2536
1.6430  0.2536
1.6440  0.2537
1.6450  0.2538
1.6460  0.2539
1.6470  0.2539
1.6480  0.2540
1.6490  0.2541
1.6500  0.2542
1.6510  0.2542
1.6520  0.2543
1.6530  0.2544
1.6540  0.2544
1.6550  0.2545
1.6560  0.2546
1.6570  0.2546
1.6580  0.2547
1.6590  0.2548
1.6600  0.2548
1.6610  0.2549
1.6620  0.2550
1.6630  0.2551
1.6640  0.2551
1.6650  0.2552
1.6660  0.2553
1.6670  0.2554
1.6680  0.2554
1.6690  0.2555
1.6700  0.2556
1.6710  0.2556
1.6720  0.2557
1.6730  0.2558
1.6740  0.2558
1.6750  0.2559
1.6760  0.2560
1.6770  0.2560
1.6780  0.2561
1.6790  0.2562
1.6800  0.2563
1.6810  0.2564
1.6820  0.2564
1.6830  0.2565
1.6840  0.2566
1.6850  0.2567
1.6860  0.2568
1.6870  0.2569
1.6880  0.2570
1.6890  0.2570
1.6900  0.2571
1.6910  0.2572
1.6920  0.2573
1.6930  0.2573
1.6940  0.2574
1.6950  0.2575
1.6960  0.2576
1.6970  0.2577
1.6980  0.2578
1.6990  0.2579
1.7000  0.2580
1.7020  0.2582
1.7050  0.2584
1.7100  0.2589
1.7150  0.2593
1.7200  0.2596
1.7250  0.2600
1.7300  0.2603
1.7350  0.2607
1.7400  0.2610
1.7450  0.2613
1.7500  0.2618
1.7550  0.2620
1.7600  0.2624
1.7650  0.2628
1.7700  0.2632
1.7750  0.2636
1.7800  0.2642
1.7850  0.2645
1.7900  0.2650
1.7950  0.2655
1.8000  0.2658
1.8050  0.2655
1.8100  0.2659
1.8150  0.2664
1.8200  0.2668
1.8250  0.2672
1.8300  0.2676
1.8350  0.2681
1.8400  0.2685
1.8450  0.2690
1.8500  0.2693
1.8550  0.2698
1.8600  0.2702
1.8650  0.2708
1.8700  0.2712
1.8750  0.2717
1.8800  0.2721
1.8850  0.2725
1.8900  0.2727
1.8950  0.2730
1.9000  0.2733
1.9050  0.2736
1.9100  0.2742
1.9150  0.2748
1.9200  0.2753
1.9250  0.2759
1.9300  0.2765
1.9350  0.2770
1.9400  0.2776
1.9450  0.2781
1.9500  0.2786
1.9550  0.2791
1.9600  0.2795
1.9650  0.2799
1.9700  0.2804
1.9750  0.2808
1.9800  0.2812
1.9850  0.2818
1.9900  0.2823
1.9950  0.2828
2.0000  0.2833
2.0050  0.2840
2.0100  0.2846
2.0150  0.2853
2.0200  0.2859
2.0250  0.2867
2.0300  0.2873
2.0350  0.2879
2.0400  0.2887
2.0450  0.2893
2.0500  0.2901
2.0550  0.2908
2.0600  0.2915
2.0650  0.2923
2.0700  0.2930
2.0750  0.2936
2.0800  0.2944
2.0850  0.2949
2.0900  0.2955
2.0950  0.2960
2.1000  0.2967
2.1050  0.2973
2.1100  0.2978
2.1150  0.2985
2.1200  0.2990
2.1250  0.2995
2.1300  0.3000
2.1350  0.3004
2.1400  0.3009
2.1450  0.3013
2.1500  0.3018
2.1550  0.3023
2.1600  0.3027
2.1650  0.3032
2.1700  0.3036
2.1750  0.3039
2.1800  0.3043
2.1850  0.3047
2.1900  0.3052
2.1950  0.3058
2.2000  0.3063
2.2050  0.3069
2.2100  0.3074
2.2150  0.3078
2.2200  0.3082
2.2250  0.3087
2.2300  0.3095
2.2350  0.3101
2.2400  0.3106
2.2450  0.3114
2.2500  0.3121
2.2550  0.3129
2.2600  0.3136
2.2650  0.3142
2.2700  0.3149
2.2750  0.3155
2.2800  0.3161
2.2850  0.3167
2.2900  0.3173
2.2950  0.3178
2.3000  0.3186
2.3050  0.3192
2.3100  0.3198
2.3150  0.3206
2.3200  0.3213
2.3250  0.3219
2.3300  0.3227
2.3350  0.3233
2.3400  0.3238
2.3450  0.3243
2.3500  0.3248
2.3550  0.3254
2.3600  0.3258
2.3650  0.3263
2.3700  0.3267
2.3750  0.3273
2.3800  0.3277
2.3850  0.3284
2.3900  0.3286
2.3950  0.3290
2.4000  0.3294
2.4050  0.3297
2.4100  0.3301
2.4150  0.3304
2.4200  0.3309
2.4250  0.3313
2.4300  0.3317
2.4350  0.3321
2.4400  0.3321
2.4450  0.3329
2.4500  0.3327
2.4550  0.3338
2.4600  0.3329
2.4650  0.3324
2.4700  0.3340
2.4750  0.3351
2.4800  0.3347
2.4850  0.3359
2.4900  0.3367
2.4950  0.3375
2.5000  0.3380
