0.3500
2.5000
ConcreteRoadLightGray               
0.3500  0.1526
0.3505  0.1527
0.3510  0.1527
0.3515  0.1526
0.3520  0.1527
0.3525  0.1527
0.3530  0.1528
0.3535  0.1529
0.3540  0.1531
0.3545  0.1532
0.3550  0.1533
0.3555  0.1535
0.3560  0.1536
0.3565  0.1538
0.3570  0.1540
0.3575  0.1542
0.3580  0.1543
0.3585  0.1545
0.3590  0.1547
0.3595  0.1549
0.3600  0.1551
0.3605  0.1552
0.3610  0.1554
0.3615  0.1556
0.3620  0.1559
0.3625  0.1561
0.3630  0.1563
0.3635  0.1566
0.3640  0.1568
0.3645  0.1570
0.3650  0.1573
0.3655  0.1575
0.3660  0.1577
0.3665  0.1580
0.3670  0.1582
0.3675  0.1585
0.3680  0.1588
0.3685  0.1591
0.3690  0.1594
0.3695  0.1597
0.3700  0.1600
0.3705  0.1604
0.3710  0.1607
0.3715  0.1610
0.3720  0.1614
0.3725  0.1617
0.3730  0.1621
0.3735  0.1624
0.3740  0.1628
0.3745  0.1631
0.3750  0.1635
0.3755  0.1639
0.3760  0.1643
0.3765  0.1647
0.3770  0.1651
0.3775  0.1656
0.3780  0.1660
0.3785  0.1664
0.3790  0.1669
0.3795  0.1673
0.3800  0.1677
0.3805  0.1681
0.3810  0.1686
0.3815  0.1690
0.3820  0.1694
0.3825  0.1698
0.3830  0.1703
0.3835  0.1707
0.3840  0.1711
0.3845  0.1716
0.3850  0.1720
0.3855  0.1724
0.3860  0.1729
0.3865  0.1733
0.3870  0.1737
0.3875  0.1742
0.3880  0.1746
0.3885  0.1750
0.3890  0.1755
0.3895  0.1759
0.3900  0.1763
0.3905  0.1768
0.3910  0.1772
0.3915  0.1776
0.3920  0.1780
0.3925  0.1784
0.3930  0.1788
0.3935  0.1792
0.3940  0.1796
0.3945  0.1800
0.3950  0.1804
0.3955  0.1808
0.3960  0.1812
0.3965  0.1817
0.3970  0.1821
0.3975  0.1825
0.3980  0.1828
0.3985  0.1832
0.3990  0.1836
0.3995  0.1840
0.4000  0.1844
0.4010  0.1851
0.4020  0.1859
0.4030  0.1866
0.4040  0.1873
0.4050  0.1881
0.4060  0.1888
0.4070  0.1895
0.4080  0.1902
0.4090  0.1909
0.4100  0.1916
0.4110  0.1923
0.4120  0.1930
0.4130  0.1937
0.4140  0.1944
0.4150  0.1952
0.4160  0.1959
0.4170  0.1966
0.4180  0.1973
0.4190  0.1981
0.4200  0.1989
0.4210  0.1997
0.4220  0.2004
0.4230  0.2012
0.4240  0.2021
0.4250  0.2029
0.4260  0.2037
0.4270  0.2046
0.4280  0.2054
0.4290  0.2063
0.4300  0.2072
0.4310  0.2081
0.4320  0.2090
0.4330  0.2099
0.4340  0.2108
0.4350  0.2117
0.4360  0.2125
0.4370  0.2134
0.4380  0.2143
0.4390  0.2152
0.4400  0.2161
0.4410  0.2169
0.4420  0.2177
0.4430  0.2186
0.4440  0.2194
0.4450  0.2202
0.4460  0.2209
0.4470  0.2217
0.4480  0.2224
0.4490  0.2231
0.4500  0.2237
0.4510  0.2244
0.4520  0.2250
0.4530  0.2256
0.4540  0.2262
0.4550  0.2268
0.4560  0.2273
0.4570  0.2279
0.4580  0.2284
0.4590  0.2289
0.4600  0.2294
0.4610  0.2298
0.4620  0.2303
0.4630  0.2308
0.4640  0.2312
0.4650  0.2316
0.4660  0.2321
0.4670  0.2325
0.4680  0.2330
0.4690  0.2334
0.4700  0.2339
0.4710  0.2343
0.4720  0.2348
0.4730  0.2352
0.4740  0.2357
0.4750  0.2361
0.4760  0.2366
0.4770  0.2371
0.4780  0.2376
0.4790  0.2381
0.4800  0.2386
0.4810  0.2392
0.4820  0.2397
0.4830  0.2403
0.4840  0.2408
0.4850  0.2414
0.4860  0.2420
0.4870  0.2426
0.4880  0.2433
0.4890  0.2439
0.4900  0.2445
0.4910  0.2452
0.4920  0.2459
0.4930  0.2465
0.4940  0.2472
0.4950  0.2479
0.4960  0.2486
0.4970  0.2493
0.4980  0.2500
0.4990  0.2507
0.5000  0.2515
0.5010  0.2522
0.5020  0.2529
0.5030  0.2536
0.5040  0.2543
0.5050  0.2551
0.5060  0.2558
0.5070  0.2565
0.5080  0.2572
0.5090  0.2579
0.5100  0.2586
0.5110  0.2593
0.5120  0.2601
0.5130  0.2608
0.5140  0.2615
0.5150  0.2622
0.5160  0.2629
0.5170  0.2636
0.5180  0.2643
0.5190  0.2651
0.5200  0.2658
0.5210  0.2665
0.5220  0.2672
0.5230  0.2679
0.5240  0.2686
0.5250  0.2694
0.5260  0.2701
0.5270  0.2708
0.5280  0.2715
0.5290  0.2722
0.5300  0.2729
0.5310  0.2736
0.5320  0.2743
0.5330  0.2750
0.5340  0.2757
0.5350  0.2764
0.5360  0.2771
0.5370  0.2778
0.5380  0.2784
0.5390  0.2791
0.5400  0.2798
0.5410  0.2804
0.5420  0.2811
0.5430  0.2817
0.5440  0.2824
0.5450  0.2830
0.5460  0.2837
0.5470  0.2843
0.5480  0.2850
0.5490  0.2856
0.5500  0.2862
0.5510  0.2868
0.5520  0.2875
0.5530  0.2881
0.5540  0.2887
0.5550  0.2893
0.5560  0.2899
0.5570  0.2905
0.5580  0.2911
0.5590  0.2917
0.5600  0.2922
0.5610  0.2928
0.5620  0.2934
0.5630  0.2939
0.5640  0.2945
0.5650  0.2951
0.5660  0.2956
0.5670  0.2961
0.5680  0.2967
0.5690  0.2972
0.5700  0.2977
0.5710  0.2982
0.5720  0.2987
0.5730  0.2992
0.5740  0.2997
0.5750  0.3001
0.5760  0.3006
0.5770  0.3010
0.5780  0.3014
0.5790  0.3019
0.5800  0.3023
0.5810  0.3026
0.5820  0.3030
0.5830  0.3034
0.5840  0.3037
0.5850  0.3040
0.5860  0.3044
0.5870  0.3047
0.5880  0.3050
0.5890  0.3053
0.5900  0.3056
0.5910  0.3059
0.5920  0.3062
0.5930  0.3064
0.5940  0.3067
0.5950  0.3070
0.5960  0.3072
0.5970  0.3074
0.5980  0.3077
0.5990  0.3079
0.6000  0.3081
0.6010  0.3083
0.6020  0.3085
0.6030  0.3087
0.6040  0.3089
0.6050  0.3091
0.6060  0.3093
0.6070  0.3095
0.6080  0.3097
0.6090  0.3098
0.6100  0.3100
0.6110  0.3102
0.6120  0.3103
0.6130  0.3105
0.6140  0.3106
0.6150  0.3108
0.6160  0.3109
0.6170  0.3111
0.6180  0.3112
0.6190  0.3113
0.6200  0.3115
0.6210  0.3116
0.6220  0.3117
0.6230  0.3118
0.6240  0.3119
0.6250  0.3120
0.6260  0.3121
0.6270  0.3122
0.6280  0.3123
0.6290  0.3124
0.6300  0.3125
0.6310  0.3125
0.6320  0.3126
0.6330  0.3127
0.6340  0.3128
0.6350  0.3129
0.6360  0.3130
0.6370  0.3130
0.6380  0.3131
0.6390  0.3132
0.6400  0.3133
0.6410  0.3134
0.6420  0.3134
0.6430  0.3135
0.6440  0.3136
0.6450  0.3137
0.6460  0.3137
0.6470  0.3138
0.6480  0.3139
0.6490  0.3140
0.6500  0.3140
0.6510  0.3141
0.6520  0.3142
0.6530  0.3142
0.6540  0.3143
0.6550  0.3144
0.6560  0.3145
0.6570  0.3145
0.6580  0.3146
0.6590  0.3147
0.6600  0.3147
0.6610  0.3148
0.6620  0.3149
0.6630  0.3149
0.6640  0.3150
0.6650  0.3151
0.6660  0.3151
0.6670  0.3152
0.6680  0.3153
0.6690  0.3153
0.6700  0.3154
0.6710  0.3154
0.6720  0.3155
0.6730  0.3156
0.6740  0.3156
0.6750  0.3157
0.6760  0.3158
0.6770  0.3158
0.6780  0.3159
0.6790  0.3159
0.6800  0.3160
0.6810  0.3161
0.6820  0.3161
0.6830  0.3162
0.6840  0.3162
0.6850  0.3163
0.6860  0.3163
0.6870  0.3164
0.6880  0.3164
0.6890  0.3165
0.6900  0.3166
0.6910  0.3166
0.6920  0.3167
0.6930  0.3167
0.6940  0.3167
0.6950  0.3168
0.6960  0.3168
0.6970  0.3169
0.6980  0.3169
0.6990  0.3170
0.7000  0.3170
0.7010  0.3171
0.7020  0.3171
0.7030  0.3172
0.7040  0.3172
0.7050  0.3172
0.7060  0.3173
0.7070  0.3173
0.7080  0.3174
0.7090  0.3174
0.7100  0.3175
0.7110  0.3175
0.7120  0.3176
0.7130  0.3176
0.7140  0.3176
0.7150  0.3177
0.7160  0.3177
0.7170  0.3177
0.7180  0.3178
0.7190  0.3178
0.7200  0.3178
0.7210  0.3179
0.7220  0.3179
0.7230  0.3179
0.7240  0.3180
0.7250  0.3180
0.7260  0.3180
0.7270  0.3181
0.7280  0.3181
0.7290  0.3181
0.7300  0.3181
0.7310  0.3182
0.7320  0.3182
0.7330  0.3182
0.7340  0.3182
0.7350  0.3182
0.7360  0.3183
0.7370  0.3183
0.7380  0.3183
0.7390  0.3183
0.7400  0.3183
0.7410  0.3184
0.7420  0.3184
0.7430  0.3184
0.7440  0.3184
0.7450  0.3184
0.7460  0.3184
0.7470  0.3184
0.7480  0.3184
0.7490  0.3184
0.7500  0.3184
0.7510  0.3184
0.7520  0.3184
0.7530  0.3184
0.7540  0.3184
0.7550  0.3184
0.7560  0.3184
0.7570  0.3184
0.7580  0.3184
0.7590  0.3184
0.7600  0.3184
0.7610  0.3184
0.7620  0.3183
0.7630  0.3183
0.7640  0.3183
0.7650  0.3183
0.7660  0.3183
0.7670  0.3182
0.7680  0.3182
0.7690  0.3182
0.7700  0.3182
0.7710  0.3181
0.7720  0.3181
0.7730  0.3181
0.7740  0.3181
0.7750  0.3180
0.7760  0.3180
0.7770  0.3179
0.7780  0.3179
0.7790  0.3179
0.7800  0.3178
0.7810  0.3178
0.7820  0.3177
0.7830  0.3177
0.7840  0.3177
0.7850  0.3176
0.7860  0.3176
0.7870  0.3175
0.7880  0.3175
0.7890  0.3174
0.7900  0.3174
0.7910  0.3173
0.7920  0.3173
0.7930  0.3172
0.7940  0.3172
0.7950  0.3171
0.7960  0.3170
0.7970  0.3170
0.7980  0.3169
0.7990  0.3169
0.8000  0.3168
0.8010  0.3168
0.8020  0.3167
0.8030  0.3167
0.8040  0.3166
0.8050  0.3165
0.8060  0.3165
0.8070  0.3164
0.8080  0.3164
0.8090  0.3163
0.8100  0.3162
0.8110  0.3162
0.8120  0.3161
0.8130  0.3160
0.8140  0.3160
0.8150  0.3159
0.8160  0.3158
0.8170  0.3158
0.8180  0.3157
0.8190  0.3157
0.8200  0.3156
0.8210  0.3155
0.8220  0.3154
0.8230  0.3154
0.8240  0.3153
0.8250  0.3152
0.8260  0.3152
0.8270  0.3151
0.8280  0.3150
0.8290  0.3150
0.8300  0.3149
0.8310  0.3148
0.8320  0.3147
0.8330  0.3147
0.8340  0.3146
0.8350  0.3145
0.8360  0.3145
0.8370  0.3144
0.8380  0.3143
0.8390  0.3142
0.8400  0.3142
0.8410  0.3141
0.8420  0.3140
0.8430  0.3140
0.8440  0.3139
0.8450  0.3138
0.8460  0.3137
0.8470  0.3137
0.8480  0.3136
0.8490  0.3135
0.8500  0.3135
0.8510  0.3134
0.8520  0.3133
0.8530  0.3133
0.8540  0.3132
0.8550  0.3131
0.8560  0.3131
0.8570  0.3130
0.8580  0.3129
0.8590  0.3129
0.8600  0.3128
0.8610  0.3127
0.8620  0.3127
0.8630  0.3126
0.8640  0.3125
0.8650  0.3124
0.8660  0.3124
0.8670  0.3123
0.8680  0.3122
0.8690  0.3122
0.8700  0.3121
0.8710  0.3121
0.8720  0.3120
0.8730  0.3119
0.8740  0.3119
0.8750  0.3118
0.8760  0.3118
0.8770  0.3117
0.8780  0.3117
0.8790  0.3116
0.8800  0.3116
0.8810  0.3115
0.8820  0.3114
0.8830  0.3114
0.8840  0.3113
0.8850  0.3113
0.8860  0.3113
0.8870  0.3112
0.8880  0.3112
0.8890  0.3111
0.8900  0.3111
0.8910  0.3110
0.8920  0.3110
0.8930  0.3109
0.8940  0.3109
0.8950  0.3108
0.8960  0.3108
0.8970  0.3107
0.8980  0.3107
0.8990  0.3107
0.9000  0.3106
0.9010  0.3106
0.9020  0.3106
0.9030  0.3105
0.9040  0.3105
0.9050  0.3104
0.9060  0.3104
0.9070  0.3104
0.9080  0.3103
0.9090  0.3103
0.9100  0.3103
0.9110  0.3102
0.9120  0.3102
0.9130  0.3102
0.9140  0.3101
0.9150  0.3101
0.9160  0.3101
0.9170  0.3101
0.9180  0.3100
0.9190  0.3100
0.9200  0.3100
0.9210  0.3100
0.9220  0.3099
0.9230  0.3099
0.9240  0.3099
0.9250  0.3099
0.9260  0.3099
0.9270  0.3098
0.9280  0.3098
0.9290  0.3098
0.9300  0.3098
0.9310  0.3098
0.9320  0.3097
0.9330  0.3097
0.9340  0.3097
0.9350  0.3097
0.9360  0.3097
0.9370  0.3097
0.9380  0.3097
0.9390  0.3096
0.9400  0.3096
0.9410  0.3096
0.9420  0.3096
0.9430  0.3096
0.9440  0.3096
0.9450  0.3096
0.9460  0.3096
0.9470  0.3096
0.9480  0.3095
0.9490  0.3095
0.9500  0.3095
0.9510  0.3095
0.9520  0.3095
0.9530  0.3095
0.9540  0.3095
0.9550  0.3095
0.9560  0.3095
0.9570  0.3095
0.9580  0.3095
0.9590  0.3095
0.9600  0.3095
0.9610  0.3095
0.9620  0.3095
0.9630  0.3095
0.9640  0.3095
0.9650  0.3095
0.9660  0.3095
0.9670  0.3095
0.9680  0.3095
0.9690  0.3095
0.9700  0.3095
0.9710  0.3095
0.9720  0.3095
0.9730  0.3095
0.9740  0.3095
0.9750  0.3095
0.9760  0.3095
0.9770  0.3095
0.9780  0.3095
0.9790  0.3095
0.9800  0.3095
0.9810  0.3095
0.9820  0.3095
0.9830  0.3096
0.9840  0.3096
0.9850  0.3096
0.9860  0.3096
0.9870  0.3096
0.9880  0.3096
0.9890  0.3096
0.9900  0.3096
0.9910  0.3096
0.9920  0.3096
0.9930  0.3096
0.9940  0.3096
0.9950  0.3096
0.9960  0.3096
0.9970  0.3096
0.9980  0.3096
0.9990  0.3096
1.0000  0.3096
1.0010  0.3096
1.0020  0.3096
1.0030  0.3096
1.0040  0.3096
1.0050  0.3096
1.0060  0.3097
1.0070  0.3097
1.0080  0.3096
1.0090  0.3096
1.0100  0.3096
1.0110  0.3096
1.0120  0.3096
1.0130  0.3097
1.0140  0.3097
1.0150  0.3097
1.0160  0.3097
1.0170  0.3097
1.0180  0.3096
1.0190  0.3096
1.0200  0.3096
1.0210  0.3096
1.0220  0.3096
1.0230  0.3095
1.0240  0.3095
1.0250  0.3095
1.0260  0.3096
1.0270  0.3096
1.0280  0.3096
1.0290  0.3096
1.0300  0.3096
1.0310  0.3095
1.0320  0.3096
1.0330  0.3097
1.0340  0.3097
1.0350  0.3097
1.0360  0.3098
1.0370  0.3098
1.0380  0.3098
1.0390  0.3098
1.0400  0.3098
1.0410  0.3098
1.0420  0.3098
1.0430  0.3098
1.0440  0.3098
1.0450  0.3099
1.0460  0.3099
1.0470  0.3099
1.0480  0.3099
1.0490  0.3099
1.0500  0.3099
1.0510  0.3099
1.0520  0.3099
1.0530  0.3099
1.0540  0.3099
1.0550  0.3100
1.0560  0.3100
1.0570  0.3101
1.0580  0.3101
1.0590  0.3101
1.0600  0.3100
1.0610  0.3100
1.0620  0.3100
1.0630  0.3100
1.0640  0.3100
1.0650  0.3101
1.0660  0.3101
1.0670  0.3101
1.0680  0.3101
1.0690  0.3101
1.0700  0.3102
1.0710  0.3102
1.0720  0.3102
1.0730  0.3102
1.0740  0.3103
1.0750  0.3103
1.0760  0.3103
1.0770  0.3103
1.0780  0.3103
1.0790  0.3104
1.0800  0.3104
1.0810  0.3104
1.0820  0.3105
1.0830  0.3105
1.0840  0.3105
1.0850  0.3106
1.0860  0.3106
1.0870  0.3106
1.0880  0.3107
1.0890  0.3107
1.0900  0.3107
1.0910  0.3107
1.0920  0.3108
1.0930  0.3108
1.0940  0.3108
1.0950  0.3108
1.0960  0.3109
1.0970  0.3109
1.0980  0.3109
1.0990  0.3110
1.1000  0.3110
1.1010  0.3111
1.1020  0.3111
1.1030  0.3111
1.1040  0.3111
1.1050  0.3111
1.1060  0.3112
1.1070  0.3113
1.1080  0.3113
1.1090  0.3114
1.1100  0.3114
1.1110  0.3114
1.1120  0.3115
1.1130  0.3115
1.1140  0.3115
1.1150  0.3115
1.1160  0.3116
1.1170  0.3116
1.1180  0.3116
1.1190  0.3117
1.1200  0.3117
1.1210  0.3118
1.1220  0.3118
1.1230  0.3119
1.1240  0.3119
1.1250  0.3120
1.1260  0.3120
1.1270  0.3121
1.1280  0.3121
1.1290  0.3122
1.1300  0.3123
1.1310  0.3123
1.1320  0.3124
1.1330  0.3124
1.1340  0.3125
1.1350  0.3126
1.1360  0.3126
1.1370  0.3127
1.1380  0.3127
1.1390  0.3128
1.1400  0.3129
1.1410  0.3129
1.1420  0.3129
1.1430  0.3130
1.1440  0.3130
1.1450  0.3131
1.1460  0.3131
1.1470  0.3132
1.1480  0.3132
1.1490  0.3132
1.1500  0.3133
1.1510  0.3133
1.1520  0.3134
1.1530  0.3134
1.1540  0.3135
1.1550  0.3135
1.1560  0.3135
1.1570  0.3136
1.1580  0.3136
1.1590  0.3137
1.1600  0.3137
1.1610  0.3137
1.1620  0.3138
1.1630  0.3138
1.1640  0.3138
1.1650  0.3139
1.1660  0.3139
1.1670  0.3139
1.1680  0.3140
1.1690  0.3140
1.1700  0.3140
1.1710  0.3141
1.1720  0.3141
1.1730  0.3142
1.1740  0.3142
1.1750  0.3143
1.1760  0.3143
1.1770  0.3144
1.1780  0.3144
1.1790  0.3144
1.1800  0.3144
1.1810  0.3145
1.1820  0.3145
1.1830  0.3146
1.1840  0.3146
1.1850  0.3146
1.1860  0.3147
1.1870  0.3147
1.1880  0.3147
1.1890  0.3148
1.1900  0.3148
1.1910  0.3149
1.1920  0.3149
1.1930  0.3150
1.1940  0.3150
1.1950  0.3150
1.1960  0.3151
1.1970  0.3151
1.1980  0.3151
1.1990  0.3151
1.2000  0.3152
1.2010  0.3152
1.2020  0.3152
1.2030  0.3153
1.2040  0.3153
1.2050  0.3154
1.2060  0.3154
1.2070  0.3155
1.2080  0.3155
1.2090  0.3156
1.2100  0.3156
1.2110  0.3157
1.2120  0.3157
1.2130  0.3157
1.2140  0.3158
1.2150  0.3158
1.2160  0.3159
1.2170  0.3159
1.2180  0.3159
1.2190  0.3160
1.2200  0.3160
1.2210  0.3161
1.2220  0.3161
1.2230  0.3161
1.2240  0.3162
1.2250  0.3162
1.2260  0.3162
1.2270  0.3163
1.2280  0.3163
1.2290  0.3164
1.2300  0.3164
1.2310  0.3165
1.2320  0.3165
1.2330  0.3165
1.2340  0.3166
1.2350  0.3166
1.2360  0.3166
1.2370  0.3167
1.2380  0.3167
1.2390  0.3168
1.2400  0.3168
1.2410  0.3168
1.2420  0.3169
1.2430  0.3169
1.2440  0.3170
1.2450  0.3170
1.2460  0.3170
1.2470  0.3171
1.2480  0.3171
1.2490  0.3171
1.2500  0.3172
1.2510  0.3172
1.2520  0.3173
1.2530  0.3173
1.2540  0.3174
1.2550  0.3174
1.2560  0.3175
1.2570  0.3175
1.2580  0.3175
1.2590  0.3176
1.2600  0.3176
1.2610  0.3176
1.2620  0.3177
1.2630  0.3177
1.2640  0.3177
1.2650  0.3178
1.2660  0.3178
1.2670  0.3179
1.2680  0.3179
1.2690  0.3180
1.2700  0.3180
1.2710  0.3180
1.2720  0.3180
1.2730  0.3181
1.2740  0.3181
1.2750  0.3182
1.2760  0.3182
1.2770  0.3182
1.2780  0.3183
1.2790  0.3183
1.2800  0.3183
1.2810  0.3184
1.2820  0.3184
1.2830  0.3185
1.2840  0.3185
1.2850  0.3186
1.2860  0.3186
1.2870  0.3186
1.2880  0.3187
1.2890  0.3187
1.2900  0.3187
1.2910  0.3187
1.2920  0.3188
1.2930  0.3188
1.2940  0.3189
1.2950  0.3189
1.2960  0.3190
1.2970  0.3190
1.2980  0.3191
1.2990  0.3191
1.3000  0.3191
1.3010  0.3192
1.3020  0.3192
1.3030  0.3192
1.3040  0.3193
1.3050  0.3193
1.3060  0.3194
1.3070  0.3194
1.3080  0.3194
1.3090  0.3195
1.3100  0.3195
1.3110  0.3196
1.3120  0.3196
1.3130  0.3197
1.3140  0.3197
1.3150  0.3198
1.3160  0.3198
1.3170  0.3199
1.3180  0.3199
1.3190  0.3200
1.3200  0.3200
1.3210  0.3200
1.3220  0.3201
1.3230  0.3201
1.3240  0.3201
1.3250  0.3202
1.3260  0.3202
1.3270  0.3203
1.3280  0.3203
1.3290  0.3204
1.3300  0.3204
1.3310  0.3204
1.3320  0.3205
1.3330  0.3205
1.3340  0.3205
1.3350  0.3206
1.3360  0.3206
1.3370  0.3206
1.3380  0.3207
1.3390  0.3207
1.3400  0.3207
1.3410  0.3207
1.3420  0.3208
1.3430  0.3208
1.3440  0.3208
1.3450  0.3209
1.3460  0.3209
1.3470  0.3210
1.3480  0.3210
1.3490  0.3210
1.3500  0.3211
1.3510  0.3211
1.3520  0.3212
1.3530  0.3212
1.3540  0.3213
1.3550  0.3213
1.3560  0.3214
1.3570  0.3214
1.3580  0.3214
1.3590  0.3215
1.3600  0.3215
1.3610  0.3215
1.3620  0.3215
1.3630  0.3215
1.3640  0.3216
1.3650  0.3216
1.3660  0.3216
1.3670  0.3216
1.3680  0.3216
1.3690  0.3215
1.3700  0.3215
1.3710  0.3215
1.3720  0.3215
1.3730  0.3215
1.3740  0.3214
1.3750  0.3214
1.3760  0.3214
1.3770  0.3213
1.3780  0.3213
1.3790  0.3212
1.3800  0.3212
1.3810  0.3211
1.3820  0.3211
1.3830  0.3210
1.3840  0.3209
1.3850  0.3208
1.3860  0.3207
1.3870  0.3206
1.3880  0.3205
1.3890  0.3203
1.3900  0.3202
1.3910  0.3200
1.3920  0.3199
1.3930  0.3197
1.3940  0.3195
1.3950  0.3193
1.3960  0.3192
1.3970  0.3189
1.3980  0.3187
1.3990  0.3185
1.4000  0.3183
1.4010  0.3181
1.4020  0.3179
1.4030  0.3176
1.4040  0.3174
1.4050  0.3172
1.4060  0.3170
1.4070  0.3168
1.4080  0.3166
1.4090  0.3164
1.4100  0.3163
1.4110  0.3161
1.4120  0.3161
1.4130  0.3160
1.4140  0.3160
1.4150  0.3160
1.4160  0.3161
1.4170  0.3162
1.4180  0.3163
1.4190  0.3164
1.4200  0.3165
1.4210  0.3167
1.4220  0.3168
1.4230  0.3170
1.4240  0.3172
1.4250  0.3173
1.4260  0.3175
1.4270  0.3177
1.4280  0.3178
1.4290  0.3180
1.4300  0.3182
1.4310  0.3183
1.4320  0.3184
1.4330  0.3186
1.4340  0.3187
1.4350  0.3188
1.4360  0.3190
1.4370  0.3191
1.4380  0.3192
1.4390  0.3193
1.4400  0.3194
1.4410  0.3195
1.4420  0.3196
1.4430  0.3197
1.4440  0.3199
1.4450  0.3200
1.4460  0.3201
1.4470  0.3202
1.4480  0.3202
1.4490  0.3203
1.4500  0.3204
1.4510  0.3205
1.4520  0.3206
1.4530  0.3207
1.4540  0.3208
1.4550  0.3208
1.4560  0.3209
1.4570  0.3210
1.4580  0.3211
1.4590  0.3212
1.4600  0.3213
1.4610  0.3214
1.4620  0.3215
1.4630  0.3216
1.4640  0.3217
1.4650  0.3218
1.4660  0.3219
1.4670  0.3220
1.4680  0.3221
1.4690  0.3222
1.4700  0.3223
1.4710  0.3224
1.4720  0.3225
1.4730  0.3226
1.4740  0.3227
1.4750  0.3228
1.4760  0.3230
1.4770  0.3231
1.4780  0.3232
1.4790  0.3234
1.4800  0.3235
1.4810  0.3236
1.4820  0.3238
1.4830  0.3239
1.4840  0.3240
1.4850  0.3242
1.4860  0.3243
1.4870  0.3244
1.4880  0.3246
1.4890  0.3247
1.4900  0.3248
1.4910  0.3249
1.4920  0.3250
1.4930  0.3252
1.4940  0.3253
1.4950  0.3254
1.4960  0.3255
1.4970  0.3257
1.4980  0.3258
1.4990  0.3259
1.5000  0.3260
1.5010  0.3261
1.5020  0.3263
1.5030  0.3264
1.5040  0.3265
1.5050  0.3266
1.5060  0.3268
1.5070  0.3269
1.5080  0.3270
1.5090  0.3271
1.5100  0.3273
1.5110  0.3274
1.5120  0.3275
1.5130  0.3276
1.5140  0.3277
1.5150  0.3278
1.5160  0.3280
1.5170  0.3281
1.5180  0.3282
1.5190  0.3283
1.5200  0.3285
1.5210  0.3286
1.5220  0.3287
1.5230  0.3288
1.5240  0.3289
1.5250  0.3290
1.5260  0.3291
1.5270  0.3292
1.5280  0.3293
1.5290  0.3294
1.5300  0.3295
1.5310  0.3296
1.5320  0.3297
1.5330  0.3299
1.5340  0.3300
1.5350  0.3301
1.5360  0.3302
1.5370  0.3303
1.5380  0.3305
1.5390  0.3306
1.5400  0.3307
1.5410  0.3308
1.5420  0.3309
1.5430  0.3310
1.5440  0.3311
1.5450  0.3312
1.5460  0.3313
1.5470  0.3315
1.5480  0.3316
1.5490  0.3317
1.5500  0.3318
1.5510  0.3319
1.5520  0.3320
1.5530  0.3321
1.5540  0.3322
1.5550  0.3323
1.5560  0.3324
1.5570  0.3325
1.5580  0.3326
1.5590  0.3327
1.5600  0.3328
1.5610  0.3329
1.5620  0.3330
1.5630  0.3331
1.5640  0.3331
1.5650  0.3332
1.5660  0.3334
1.5670  0.3335
1.5680  0.3336
1.5690  0.3337
1.5700  0.3338
1.5710  0.3339
1.5720  0.3340
1.5730  0.3341
1.5740  0.3342
1.5750  0.3343
1.5760  0.3344
1.5770  0.3345
1.5780  0.3346
1.5790  0.3347
1.5800  0.3348
1.5810  0.3349
1.5820  0.3350
1.5830  0.3351
1.5840  0.3352
1.5850  0.3353
1.5860  0.3354
1.5870  0.3355
1.5880  0.3356
1.5890  0.3357
1.5900  0.3358
1.5910  0.3359
1.5920  0.3360
1.5930  0.3361
1.5940  0.3362
1.5950  0.3363
1.5960  0.3364
1.5970  0.3365
1.5980  0.3366
1.5990  0.3367
1.6000  0.3368
1.6010  0.3369
1.6020  0.3370
1.6030  0.3371
1.6040  0.3372
1.6050  0.3373
1.6060  0.3374
1.6070  0.3374
1.6080  0.3375
1.6090  0.3376
1.6100  0.3377
1.6110  0.3378
1.6120  0.3379
1.6130  0.3380
1.6140  0.3381
1.6150  0.3382
1.6160  0.3383
1.6170  0.3384
1.6180  0.3384
1.6190  0.3385
1.6200  0.3386
1.6210  0.3387
1.6220  0.3388
1.6230  0.3389
1.6240  0.3390
1.6250  0.3391
1.6260  0.3392
1.6270  0.3393
1.6280  0.3394
1.6290  0.3394
1.6300  0.3395
1.6310  0.3396
1.6320  0.3397
1.6330  0.3398
1.6340  0.3399
1.6350  0.3400
1.6360  0.3400
1.6370  0.3401
1.6380  0.3402
1.6390  0.3403
1.6400  0.3404
1.6410  0.3405
1.6420  0.3406
1.6430  0.3407
1.6440  0.3408
1.6450  0.3409
1.6460  0.3410
1.6470  0.3411
1.6480  0.3412
1.6490  0.3412
1.6500  0.3413
1.6510  0.3414
1.6520  0.3415
1.6530  0.3416
1.6540  0.3417
1.6550  0.3418
1.6560  0.3419
1.6570  0.3419
1.6580  0.3420
1.6590  0.3421
1.6600  0.3422
1.6610  0.3423
1.6620  0.3424
1.6630  0.3425
1.6640  0.3425
1.6650  0.3426
1.6660  0.3427
1.6670  0.3428
1.6680  0.3429
1.6690  0.3430
1.6700  0.3431
1.6710  0.3432
1.6720  0.3433
1.6730  0.3433
1.6740  0.3434
1.6750  0.3435
1.6760  0.3436
1.6770  0.3437
1.6780  0.3438
1.6790  0.3439
1.6800  0.3440
1.6810  0.3441
1.6820  0.3442
1.6830  0.3442
1.6840  0.3443
1.6850  0.3444
1.6860  0.3445
1.6870  0.3446
1.6880  0.3447
1.6890  0.3448
1.6900  0.3448
1.6910  0.3449
1.6920  0.3450
1.6930  0.3451
1.6940  0.3452
1.6950  0.3453
1.6960  0.3453
1.6970  0.3454
1.6980  0.3455
1.6990  0.3456
1.7000  0.3456
1.7020  0.3458
1.7050  0.3460
1.7100  0.3464
1.7150  0.3468
1.7200  0.3470
1.7250  0.3473
1.7300  0.3475
1.7350  0.3477
1.7400  0.3478
1.7450  0.3479
1.7500  0.3480
1.7550  0.3481
1.7600  0.3483
1.7650  0.3485
1.7700  0.3487
1.7750  0.3490
1.7800  0.3494
1.7850  0.3496
1.7900  0.3499
1.7950  0.3502
1.8000  0.3505
1.8050  0.3503
1.8100  0.3505
1.8150  0.3509
1.8200  0.3512
1.8250  0.3514
1.8300  0.3517
1.8350  0.3519
1.8400  0.3519
1.8450  0.3519
1.8500  0.3518
1.8550  0.3515
1.8600  0.3510
1.8650  0.3499
1.8700  0.3482
1.8750  0.3456
1.8800  0.3423
1.8850  0.3381
1.8900  0.3327
1.8950  0.3262
1.9000  0.3191
1.9050  0.3129
1.9100  0.3082
1.9150  0.3056
1.9200  0.3045
1.9250  0.3044
1.9300  0.3050
1.9350  0.3059
1.9400  0.3071
1.9450  0.3084
1.9500  0.3097
1.9550  0.3109
1.9600  0.3122
1.9650  0.3134
1.9700  0.3147
1.9750  0.3162
1.9800  0.3175
1.9850  0.3189
1.9900  0.3204
1.9950  0.3219
2.0000  0.3234
2.0050  0.3251
2.0100  0.3266
2.0150  0.3281
2.0200  0.3294
2.0250  0.3308
2.0300  0.3321
2.0350  0.3332
2.0400  0.3343
2.0450  0.3354
2.0500  0.3365
2.0550  0.3376
2.0600  0.3384
2.0650  0.3393
2.0700  0.3401
2.0750  0.3408
2.0800  0.3416
2.0850  0.3423
2.0900  0.3430
2.0950  0.3435
2.1000  0.3439
2.1050  0.3445
2.1100  0.3448
2.1150  0.3452
2.1200  0.3456
2.1250  0.3458
2.1300  0.3460
2.1350  0.3459
2.1400  0.3459
2.1450  0.3457
2.1500  0.3455
2.1550  0.3449
2.1600  0.3443
2.1650  0.3438
2.1700  0.3430
2.1750  0.3420
2.1800  0.3408
2.1850  0.3392
2.1900  0.3377
2.1950  0.3363
2.2000  0.3351
2.2050  0.3343
2.2100  0.3341
2.2150  0.3345
2.2200  0.3348
2.2250  0.3349
2.2300  0.3350
2.2350  0.3348
2.2400  0.3346
2.2450  0.3342
2.2500  0.3340
2.2550  0.3337
2.2600  0.3333
2.2650  0.3329
2.2700  0.3326
2.2750  0.3318
2.2800  0.3308
2.2850  0.3298
2.2900  0.3286
2.2950  0.3274
2.3000  0.3263
2.3050  0.3250
2.3100  0.3238
2.3150  0.3225
2.3200  0.3209
2.3250  0.3190
2.3300  0.3171
2.3350  0.3151
2.3400  0.3138
2.3450  0.3130
2.3500  0.3131
2.3550  0.3136
2.3600  0.3141
2.3650  0.3144
2.3700  0.3139
2.3750  0.3131
2.3800  0.3118
2.3850  0.3103
2.3900  0.3088
2.3950  0.3069
2.4000  0.3050
2.4050  0.3030
2.4100  0.3009
2.4150  0.2986
2.4200  0.2961
2.4250  0.2936
2.4300  0.2912
2.4350  0.2889
2.4400  0.2867
2.4450  0.2842
2.4500  0.2820
2.4550  0.2799
2.4600  0.2773
2.4650  0.2747
2.4700  0.2734
2.4750  0.2703
2.4800  0.2685
2.4850  0.2677
2.4900  0.2658
2.4950  0.2635
2.5000  0.2631
