0.3000
1.3000
Concrete                            
0.3000  0.1860
0.3005  0.1856
0.3010  0.1852
0.3015  0.1847
0.3020  0.1843
0.3025  0.1839
0.3030  0.1835
0.3035  0.1830
0.3040  0.1826
0.3045  0.1822
0.3050  0.1817
0.3055  0.1813
0.3060  0.1809
0.3065  0.1805
0.3070  0.1800
0.3075  0.1796
0.3080  0.1792
0.3085  0.1788
0.3090  0.1784
0.3095  0.1779
0.3100  0.1775
0.3105  0.1770
0.3110  0.1766
0.3115  0.1761
0.3120  0.1756
0.3125  0.1751
0.3130  0.1747
0.3135  0.1742
0.3140  0.1738
0.3145  0.1733
0.3150  0.1729
0.3155  0.1724
0.3160  0.1720
0.3165  0.1716
0.3170  0.1712
0.3175  0.1708
0.3180  0.1704
0.3185  0.1700
0.3190  0.1697
0.3195  0.1693
0.3200  0.1690
0.3205  0.1687
0.3210  0.1684
0.3215  0.1681
0.3220  0.1679
0.3225  0.1676
0.3230  0.1674
0.3235  0.1671
0.3240  0.1669
0.3245  0.1667
0.3250  0.1665
0.3255  0.1663
0.3260  0.1661
0.3265  0.1659
0.3270  0.1657
0.3275  0.1655
0.3280  0.1653
0.3285  0.1651
0.3290  0.1649
0.3295  0.1647
0.3300  0.1645
0.3305  0.1642
0.3310  0.1640
0.3315  0.1637
0.3320  0.1634
0.3325  0.1631
0.3330  0.1629
0.3335  0.1626
0.3340  0.1624
0.3345  0.1621
0.3350  0.1619
0.3355  0.1616
0.3360  0.1614
0.3365  0.1612
0.3370  0.1609
0.3375  0.1608
0.3380  0.1606
0.3385  0.1604
0.3390  0.1603
0.3395  0.1601
0.3400  0.1600
0.3405  0.1599
0.3410  0.1599
0.3415  0.1598
0.3420  0.1598
0.3425  0.1598
0.3430  0.1598
0.3435  0.1598
0.3440  0.1598
0.3445  0.1598
0.3450  0.1599
0.3455  0.1599
0.3460  0.1600
0.3465  0.1600
0.3470  0.1601
0.3475  0.1602
0.3480  0.1602
0.3485  0.1603
0.3490  0.1604
0.3495  0.1604
0.3500  0.1605
0.3505  0.1605
0.3510  0.1605
0.3515  0.1605
0.3520  0.1605
0.3525  0.1605
0.3530  0.1605
0.3535  0.1605
0.3540  0.1605
0.3545  0.1605
0.3550  0.1605
0.3555  0.1605
0.3560  0.1605
0.3565  0.1606
0.3570  0.1606
0.3575  0.1606
0.3580  0.1607
0.3585  0.1607
0.3590  0.1608
0.3595  0.1609
0.3600  0.1610
0.3605  0.1611
0.3610  0.1613
0.3615  0.1614
0.3620  0.1616
0.3625  0.1617
0.3630  0.1619
0.3635  0.1621
0.3640  0.1623
0.3645  0.1625
0.3650  0.1627
0.3655  0.1629
0.3660  0.1632
0.3665  0.1634
0.3670  0.1636
0.3675  0.1639
0.3680  0.1641
0.3685  0.1643
0.3690  0.1645
0.3695  0.1648
0.3700  0.1650
0.3705  0.1652
0.3710  0.1654
0.3715  0.1656
0.3720  0.1658
0.3725  0.1660
0.3730  0.1662
0.3735  0.1664
0.3740  0.1665
0.3745  0.1667
0.3750  0.1669
0.3755  0.1671
0.3760  0.1673
0.3765  0.1675
0.3770  0.1677
0.3775  0.1679
0.3780  0.1681
0.3785  0.1683
0.3790  0.1685
0.3795  0.1688
0.3800  0.1690
0.3805  0.1692
0.3810  0.1695
0.3815  0.1697
0.3820  0.1700
0.3825  0.1703
0.3830  0.1705
0.3835  0.1708
0.3840  0.1711
0.3845  0.1713
0.3850  0.1716
0.3855  0.1719
0.3860  0.1722
0.3865  0.1725
0.3870  0.1728
0.3875  0.1731
0.3880  0.1733
0.3885  0.1736
0.3890  0.1739
0.3895  0.1742
0.3900  0.1745
0.3905  0.1748
0.3910  0.1751
0.3915  0.1753
0.3920  0.1756
0.3925  0.1759
0.3930  0.1762
0.3935  0.1765
0.3940  0.1767
0.3945  0.1770
0.3950  0.1773
0.3955  0.1776
0.3960  0.1778
0.3965  0.1781
0.3970  0.1784
0.3975  0.1786
0.3980  0.1789
0.3985  0.1792
0.3990  0.1795
0.3995  0.1797
0.4000  0.1800
0.4010  0.1805
0.4020  0.1811
0.4030  0.1816
0.4040  0.1822
0.4050  0.1827
0.4060  0.1833
0.4070  0.1838
0.4080  0.1844
0.4090  0.1849
0.4100  0.1855
0.4110  0.1860
0.4120  0.1865
0.4130  0.1870
0.4140  0.1876
0.4150  0.1881
0.4160  0.1887
0.4170  0.1892
0.4180  0.1898
0.4190  0.1904
0.4200  0.1910
0.4210  0.1916
0.4220  0.1923
0.4230  0.1930
0.4240  0.1937
0.4250  0.1944
0.4260  0.1951
0.4270  0.1958
0.4280  0.1966
0.4290  0.1973
0.4300  0.1980
0.4310  0.1988
0.4320  0.1995
0.4330  0.2002
0.4340  0.2010
0.4350  0.2017
0.4360  0.2024
0.4370  0.2031
0.4380  0.2037
0.4390  0.2044
0.4400  0.2050
0.4410  0.2056
0.4420  0.2062
0.4430  0.2068
0.4440  0.2073
0.4450  0.2078
0.4460  0.2084
0.4470  0.2089
0.4480  0.2094
0.4490  0.2100
0.4500  0.2105
0.4510  0.2110
0.4520  0.2115
0.4530  0.2120
0.4540  0.2125
0.4550  0.2130
0.4560  0.2136
0.4570  0.2142
0.4580  0.2147
0.4590  0.2154
0.4600  0.2160
0.4610  0.2167
0.4620  0.2174
0.4630  0.2181
0.4640  0.2189
0.4650  0.2196
0.4660  0.2204
0.4670  0.2212
0.4680  0.2219
0.4690  0.2227
0.4700  0.2235
0.4710  0.2242
0.4720  0.2250
0.4730  0.2257
0.4740  0.2264
0.4750  0.2271
0.4760  0.2279
0.4770  0.2286
0.4780  0.2294
0.4790  0.2302
0.4800  0.2310
0.4810  0.2318
0.4820  0.2327
0.4830  0.2336
0.4840  0.2345
0.4850  0.2354
0.4860  0.2363
0.4870  0.2372
0.4880  0.2382
0.4890  0.2391
0.4900  0.2400
0.4910  0.2409
0.4920  0.2419
0.4930  0.2428
0.4940  0.2437
0.4950  0.2446
0.4960  0.2455
0.4970  0.2464
0.4980  0.2473
0.4990  0.2481
0.5000  0.2490
0.5010  0.2498
0.5020  0.2507
0.5030  0.2515
0.5040  0.2523
0.5050  0.2531
0.5060  0.2539
0.5070  0.2546
0.5080  0.2554
0.5090  0.2562
0.5100  0.2570
0.5110  0.2577
0.5120  0.2585
0.5130  0.2592
0.5140  0.2600
0.5150  0.2608
0.5160  0.2616
0.5170  0.2624
0.5180  0.2632
0.5190  0.2641
0.5200  0.2650
0.5210  0.2659
0.5220  0.2669
0.5230  0.2679
0.5240  0.2689
0.5250  0.2699
0.5260  0.2709
0.5270  0.2719
0.5280  0.2729
0.5290  0.2740
0.5300  0.2750
0.5310  0.2761
0.5320  0.2771
0.5330  0.2782
0.5340  0.2792
0.5350  0.2802
0.5360  0.2812
0.5370  0.2822
0.5380  0.2832
0.5390  0.2841
0.5400  0.2850
0.5410  0.2859
0.5420  0.2867
0.5430  0.2875
0.5440  0.2883
0.5450  0.2891
0.5460  0.2899
0.5470  0.2907
0.5480  0.2915
0.5490  0.2922
0.5500  0.2930
0.5510  0.2938
0.5520  0.2946
0.5530  0.2954
0.5540  0.2962
0.5550  0.2971
0.5560  0.2979
0.5570  0.2987
0.5580  0.2995
0.5590  0.3002
0.5600  0.3010
0.5610  0.3017
0.5620  0.3025
0.5630  0.3032
0.5640  0.3039
0.5650  0.3046
0.5660  0.3053
0.5670  0.3060
0.5680  0.3066
0.5690  0.3073
0.5700  0.3080
0.5710  0.3087
0.5720  0.3094
0.5730  0.3101
0.5740  0.3108
0.5750  0.3115
0.5760  0.3122
0.5770  0.3129
0.5780  0.3136
0.5790  0.3143
0.5800  0.3150
0.5810  0.3157
0.5820  0.3163
0.5830  0.3170
0.5840  0.3176
0.5850  0.3183
0.5860  0.3189
0.5870  0.3196
0.5880  0.3202
0.5890  0.3209
0.5900  0.3215
0.5910  0.3221
0.5920  0.3227
0.5930  0.3233
0.5940  0.3239
0.5950  0.3245
0.5960  0.3252
0.5970  0.3258
0.5980  0.3265
0.5990  0.3272
0.6000  0.3280
0.6010  0.3288
0.6020  0.3297
0.6030  0.3305
0.6040  0.3314
0.6050  0.3323
0.6060  0.3333
0.6070  0.3342
0.6080  0.3351
0.6090  0.3361
0.6100  0.3370
0.6110  0.3380
0.6120  0.3390
0.6130  0.3399
0.6140  0.3409
0.6150  0.3418
0.6160  0.3427
0.6170  0.3436
0.6180  0.3444
0.6190  0.3452
0.6200  0.3460
0.6210  0.3467
0.6220  0.3474
0.6230  0.3480
0.6240  0.3486
0.6250  0.3492
0.6260  0.3498
0.6270  0.3503
0.6280  0.3509
0.6290  0.3514
0.6300  0.3520
0.6310  0.3526
0.6320  0.3532
0.6330  0.3537
0.6340  0.3543
0.6350  0.3549
0.6360  0.3556
0.6370  0.3562
0.6380  0.3568
0.6390  0.3574
0.6400  0.3580
0.6410  0.3586
0.6420  0.3592
0.6430  0.3598
0.6440  0.3604
0.6450  0.3610
0.6460  0.3616
0.6470  0.3622
0.6480  0.3628
0.6490  0.3634
0.6500  0.3640
0.6510  0.3646
0.6520  0.3651
0.6530  0.3657
0.6540  0.3663
0.6550  0.3669
0.6560  0.3675
0.6570  0.3681
0.6580  0.3687
0.6590  0.3693
0.6600  0.3700
0.6610  0.3707
0.6620  0.3714
0.6630  0.3721
0.6640  0.3729
0.6650  0.3736
0.6660  0.3744
0.6670  0.3752
0.6680  0.3760
0.6690  0.3767
0.6700  0.3775
0.6710  0.3782
0.6720  0.3790
0.6730  0.3797
0.6740  0.3804
0.6750  0.3811
0.6760  0.3819
0.6770  0.3826
0.6780  0.3834
0.6790  0.3842
0.6800  0.3850
0.6810  0.3858
0.6820  0.3867
0.6830  0.3876
0.6840  0.3885
0.6850  0.3894
0.6860  0.3903
0.6870  0.3912
0.6880  0.3922
0.6890  0.3931
0.6900  0.3940
0.6910  0.3947
0.6920  0.3954
0.6930  0.3962
0.6940  0.3970
0.6950  0.3978
0.6960  0.3987
0.6970  0.3996
0.6980  0.4006
0.6990  0.4018
0.7000  0.4030
0.7010  0.4044
0.7020  0.4059
0.7030  0.4075
0.7040  0.4092
0.7050  0.4109
0.7060  0.4127
0.7070  0.4145
0.7080  0.4164
0.7090  0.4182
0.7100  0.4200
0.7110  0.4220
0.7120  0.4240
0.7130  0.4259
0.7140  0.4277
0.7150  0.4295
0.7160  0.4312
0.7170  0.4328
0.7180  0.4343
0.7190  0.4357
0.7200  0.4370
0.7210  0.4381
0.7220  0.4390
0.7230  0.4399
0.7240  0.4407
0.7250  0.4414
0.7260  0.4420
0.7270  0.4427
0.7280  0.4433
0.7290  0.4439
0.7300  0.4445
0.7310  0.4453
0.7320  0.4462
0.7330  0.4471
0.7340  0.4479
0.7350  0.4487
0.7360  0.4495
0.7370  0.4503
0.7380  0.4509
0.7390  0.4515
0.7400  0.4520
0.7410  0.4523
0.7420  0.4526
0.7430  0.4527
0.7440  0.4528
0.7450  0.4528
0.7460  0.4528
0.7470  0.4527
0.7480  0.4526
0.7490  0.4526
0.7500  0.4525
0.7510  0.4526
0.7520  0.4528
0.7530  0.4530
0.7540  0.4531
0.7550  0.4532
0.7560  0.4533
0.7570  0.4533
0.7580  0.4533
0.7590  0.4532
0.7600  0.4530
0.7610  0.4527
0.7620  0.4522
0.7630  0.4517
0.7640  0.4511
0.7650  0.4505
0.7660  0.4498
0.7670  0.4491
0.7680  0.4484
0.7690  0.4477
0.7700  0.4470
0.7710  0.4464
0.7720  0.4458
0.7730  0.4452
0.7740  0.4447
0.7750  0.4441
0.7760  0.4435
0.7770  0.4429
0.7780  0.4423
0.7790  0.4417
0.7800  0.4410
0.7810  0.4403
0.7820  0.4395
0.7830  0.4387
0.7840  0.4378
0.7850  0.4370
0.7860  0.4361
0.7870  0.4352
0.7880  0.4343
0.7890  0.4334
0.7900  0.4325
0.7910  0.4316
0.7920  0.4308
0.7930  0.4299
0.7940  0.4291
0.7950  0.4282
0.7960  0.4274
0.7970  0.4266
0.7980  0.4257
0.7990  0.4249
0.8000  0.4240
0.8010  0.4231
0.8020  0.4222
0.8030  0.4213
0.8040  0.4205
0.8050  0.4195
0.8060  0.4186
0.8070  0.4177
0.8080  0.4168
0.8090  0.4159
0.8100  0.4150
0.8110  0.4140
0.8120  0.4130
0.8130  0.4120
0.8140  0.4111
0.8150  0.4102
0.8160  0.4093
0.8170  0.4084
0.8180  0.4075
0.8190  0.4067
0.8200  0.4060
0.8210  0.4053
0.8220  0.4047
0.8230  0.4041
0.8240  0.4035
0.8250  0.4030
0.8260  0.4025
0.8270  0.4020
0.8280  0.4015
0.8290  0.4010
0.8300  0.4005
0.8310  0.3999
0.8320  0.3993
0.8330  0.3987
0.8340  0.3981
0.8350  0.3975
0.8360  0.3969
0.8370  0.3964
0.8380  0.3959
0.8390  0.3954
0.8400  0.3950
0.8410  0.3947
0.8420  0.3944
0.8430  0.3941
0.8440  0.3939
0.8450  0.3937
0.8460  0.3936
0.8470  0.3934
0.8480  0.3933
0.8490  0.3931
0.8500  0.3930
0.8510  0.3928
0.8520  0.3927
0.8530  0.3925
0.8540  0.3923
0.8550  0.3921
0.8560  0.3919
0.8570  0.3916
0.8580  0.3914
0.8590  0.3912
0.8600  0.3910
0.8610  0.3908
0.8620  0.3906
0.8630  0.3904
0.8640  0.3902
0.8650  0.3900
0.8660  0.3898
0.8670  0.3896
0.8680  0.3894
0.8690  0.3892
0.8700  0.3890
0.8710  0.3887
0.8720  0.3885
0.8730  0.3882
0.8740  0.3880
0.8750  0.3878
0.8760  0.3876
0.8770  0.3874
0.8780  0.3872
0.8790  0.3871
0.8800  0.3870
0.8810  0.3870
0.8820  0.3869
0.8830  0.3870
0.8840  0.3870
0.8850  0.3871
0.8860  0.3871
0.8870  0.3872
0.8880  0.3873
0.8890  0.3874
0.8900  0.3875
0.8910  0.3876
0.8920  0.3876
0.8930  0.3877
0.8940  0.3877
0.8950  0.3877
0.8960  0.3878
0.8970  0.3878
0.8980  0.3879
0.8990  0.3879
0.9000  0.3880
0.9010  0.3881
0.9020  0.3882
0.9030  0.3883
0.9040  0.3884
0.9050  0.3885
0.9060  0.3886
0.9070  0.3887
0.9080  0.3888
0.9090  0.3889
0.9100  0.3890
0.9110  0.3891
0.9120  0.3892
0.9130  0.3893
0.9140  0.3894
0.9150  0.3895
0.9160  0.3896
0.9170  0.3897
0.9180  0.3898
0.9190  0.3899
0.9200  0.3900
0.9210  0.3901
0.9220  0.3902
0.9230  0.3903
0.9240  0.3904
0.9250  0.3905
0.9260  0.3906
0.9270  0.3907
0.9280  0.3908
0.9290  0.3909
0.9300  0.3910
0.9310  0.3911
0.9320  0.3911
0.9330  0.3912
0.9340  0.3913
0.9350  0.3914
0.9360  0.3915
0.9370  0.3916
0.9380  0.3917
0.9390  0.3918
0.9400  0.3920
0.9410  0.3922
0.9420  0.3924
0.9430  0.3926
0.9440  0.3929
0.9450  0.3931
0.9460  0.3934
0.9470  0.3937
0.9480  0.3940
0.9490  0.3942
0.9500  0.3945
0.9510  0.3947
0.9520  0.3949
0.9530  0.3951
0.9540  0.3953
0.9550  0.3955
0.9560  0.3958
0.9570  0.3960
0.9580  0.3963
0.9590  0.3966
0.9600  0.3970
0.9610  0.3974
0.9620  0.3978
0.9630  0.3983
0.9640  0.3988
0.9650  0.3993
0.9660  0.3998
0.9670  0.4004
0.9680  0.4009
0.9690  0.4015
0.9700  0.4020
0.9710  0.4024
0.9720  0.4028
0.9730  0.4033
0.9740  0.4037
0.9750  0.4042
0.9760  0.4047
0.9770  0.4052
0.9780  0.4057
0.9790  0.4063
0.9800  0.4070
0.9810  0.4077
0.9820  0.4086
0.9830  0.4094
0.9840  0.4103
0.9850  0.4112
0.9860  0.4122
0.9870  0.4131
0.9880  0.4141
0.9890  0.4150
0.9900  0.4160
0.9910  0.4168
0.9920  0.4176
0.9930  0.4184
0.9940  0.4193
0.9950  0.4201
0.9960  0.4210
0.9970  0.4219
0.9980  0.4229
0.9990  0.4239
1.0000  0.4250
1.0010  0.4262
1.0020  0.4275
1.0030  0.4288
1.0040  0.4302
1.0050  0.4316
1.0060  0.4331
1.0070  0.4346
1.0080  0.4360
1.0090  0.4375
1.0100  0.4390
1.0110  0.4405
1.0120  0.4421
1.0130  0.4436
1.0140  0.4450
1.0150  0.4465
1.0160  0.4479
1.0170  0.4492
1.0180  0.4505
1.0190  0.4518
1.0200  0.4530
1.0210  0.4541
1.0220  0.4552
1.0230  0.4563
1.0240  0.4573
1.0250  0.4583
1.0260  0.4592
1.0270  0.4602
1.0280  0.4611
1.0290  0.4621
1.0300  0.4630
1.0310  0.4641
1.0320  0.4652
1.0330  0.4663
1.0340  0.4674
1.0350  0.4685
1.0360  0.4695
1.0370  0.4704
1.0380  0.4714
1.0390  0.4722
1.0400  0.4730
1.0410  0.4737
1.0420  0.4742
1.0430  0.4748
1.0440  0.4752
1.0450  0.4757
1.0460  0.4760
1.0470  0.4764
1.0480  0.4768
1.0490  0.4771
1.0500  0.4775
1.0510  0.4781
1.0520  0.4787
1.0530  0.4792
1.0540  0.4798
1.0550  0.4803
1.0560  0.4808
1.0570  0.4812
1.0580  0.4816
1.0590  0.4818
1.0600  0.4820
1.0610  0.4820
1.0620  0.4819
1.0630  0.4818
1.0640  0.4816
1.0650  0.4813
1.0660  0.4809
1.0670  0.4806
1.0680  0.4802
1.0690  0.4799
1.0700  0.4795
1.0710  0.4792
1.0720  0.4790
1.0730  0.4788
1.0740  0.4786
1.0750  0.4784
1.0760  0.4781
1.0770  0.4779
1.0780  0.4776
1.0790  0.4773
1.0800  0.4770
1.0810  0.4766
1.0820  0.4762
1.0830  0.4757
1.0840  0.4752
1.0850  0.4747
1.0860  0.4742
1.0870  0.4736
1.0880  0.4731
1.0890  0.4725
1.0900  0.4720
1.0910  0.4715
1.0920  0.4710
1.0930  0.4705
1.0940  0.4700
1.0950  0.4695
1.0960  0.4691
1.0970  0.4686
1.0980  0.4680
1.0990  0.4675
1.1000  0.4670
1.1010  0.4664
1.1020  0.4659
1.1030  0.4653
1.1040  0.4647
1.1050  0.4641
1.1060  0.4635
1.1070  0.4629
1.1080  0.4622
1.1090  0.4616
1.1100  0.4610
1.1110  0.4604
1.1120  0.4597
1.1130  0.4591
1.1140  0.4585
1.1150  0.4578
1.1160  0.4572
1.1170  0.4567
1.1180  0.4561
1.1190  0.4555
1.1200  0.4550
1.1210  0.4545
1.1220  0.4540
1.1230  0.4535
1.1240  0.4531
1.1250  0.4526
1.1260  0.4522
1.1270  0.4518
1.1280  0.4514
1.1290  0.4509
1.1300  0.4505
1.1310  0.4499
1.1320  0.4494
1.1330  0.4488
1.1340  0.4483
1.1350  0.4478
1.1360  0.4473
1.1370  0.4469
1.1380  0.4466
1.1390  0.4462
1.1400  0.4460
1.1410  0.4459
1.1420  0.4458
1.1430  0.4458
1.1440  0.4458
1.1450  0.4459
1.1460  0.4460
1.1470  0.4461
1.1480  0.4462
1.1490  0.4464
1.1500  0.4465
1.1510  0.4465
1.1520  0.4465
1.1530  0.4465
1.1540  0.4465
1.1550  0.4465
1.1560  0.4465
1.1570  0.4466
1.1580  0.4467
1.1590  0.4468
1.1600  0.4470
1.1610  0.4473
1.1620  0.4476
1.1630  0.4479
1.1640  0.4483
1.1650  0.4487
1.1660  0.4492
1.1670  0.4496
1.1680  0.4501
1.1690  0.4505
1.1700  0.4510
1.1710  0.4513
1.1720  0.4517
1.1730  0.4520
1.1740  0.4524
1.1750  0.4527
1.1760  0.4531
1.1770  0.4535
1.1780  0.4540
1.1790  0.4545
1.1800  0.4550
1.1810  0.4556
1.1820  0.4563
1.1830  0.4570
1.1840  0.4577
1.1850  0.4585
1.1860  0.4593
1.1870  0.4601
1.1880  0.4609
1.1890  0.4617
1.1900  0.4625
1.1910  0.4633
1.1920  0.4642
1.1930  0.4650
1.1940  0.4657
1.1950  0.4665
1.1960  0.4672
1.1970  0.4680
1.1980  0.4687
1.1990  0.4693
1.2000  0.4700
1.2010  0.4706
1.2020  0.4712
1.2030  0.4718
1.2040  0.4723
1.2050  0.4729
1.2060  0.4734
1.2070  0.4739
1.2080  0.4745
1.2090  0.4750
1.2100  0.4755
1.2110  0.4761
1.2120  0.4767
1.2130  0.4774
1.2140  0.4780
1.2150  0.4785
1.2160  0.4791
1.2170  0.4796
1.2180  0.4801
1.2190  0.4806
1.2200  0.4810
1.2210  0.4813
1.2220  0.4816
1.2230  0.4819
1.2240  0.4821
1.2250  0.4823
1.2260  0.4824
1.2270  0.4826
1.2280  0.4827
1.2290  0.4829
1.2300  0.4830
1.2310  0.4832
1.2320  0.4834
1.2330  0.4836
1.2340  0.4838
1.2350  0.4840
1.2360  0.4842
1.2370  0.4844
1.2380  0.4846
1.2390  0.4848
1.2400  0.4850
1.2410  0.4852
1.2420  0.4853
1.2430  0.4855
1.2440  0.4857
1.2450  0.4858
1.2460  0.4859
1.2470  0.4861
1.2480  0.4862
1.2490  0.4864
1.2500  0.4865
1.2510  0.4867
1.2520  0.4869
1.2530  0.4871
1.2540  0.4873
1.2550  0.4874
1.2560  0.4876
1.2570  0.4877
1.2580  0.4878
1.2590  0.4879
1.2600  0.4880
1.2610  0.4880
1.2620  0.4880
1.2630  0.4880
1.2640  0.4880
1.2650  0.4879
1.2660  0.4878
1.2670  0.4877
1.2680  0.4877
1.2690  0.4876
1.2700  0.4875
1.2710  0.4874
1.2720  0.4874
1.2730  0.4873
1.2740  0.4873
1.2750  0.4872
1.2760  0.4872
1.2770  0.4871
1.2780  0.4871
1.2790  0.4870
1.2800  0.4870
1.2810  0.4870
1.2820  0.4869
1.2830  0.4869
1.2840  0.4868
1.2850  0.4868
1.2860  0.4867
1.2870  0.4867
1.2880  0.4866
1.2890  0.4866
1.2900  0.4865
1.2910  0.4864
1.2920  0.4864
1.2930  0.4863
1.2940  0.4863
1.2950  0.4862
1.2960  0.4862
1.2970  0.4861
1.2980  0.4861
1.2990  0.4860
1.3000  0.4860
