0.3500
2.5000
Limestone                           
0.3500  0.1155
0.3505  0.1155
0.3510  0.1155
0.3515  0.1155
0.3520  0.1156
0.3525  0.1157
0.3530  0.1160
0.3535  0.1162
0.3540  0.1164
0.3545  0.1165
0.3550  0.1167
0.3555  0.1169
0.3560  0.1170
0.3565  0.1172
0.3570  0.1173
0.3575  0.1175
0.3580  0.1176
0.3585  0.1178
0.3590  0.1180
0.3595  0.1181
0.3600  0.1183
0.3605  0.1185
0.3610  0.1186
0.3615  0.1188
0.3620  0.1189
0.3625  0.1190
0.3630  0.1192
0.3635  0.1193
0.3640  0.1195
0.3645  0.1197
0.3650  0.1198
0.3655  0.1200
0.3660  0.1202
0.3665  0.1204
0.3670  0.1205
0.3675  0.1207
0.3680  0.1208
0.3685  0.1210
0.3690  0.1211
0.3695  0.1212
0.3700  0.1214
0.3705  0.1216
0.3710  0.1217
0.3715  0.1219
0.3720  0.1222
0.3725  0.1224
0.3730  0.1226
0.3735  0.1228
0.3740  0.1230
0.3745  0.1232
0.3750  0.1234
0.3755  0.1236
0.3760  0.1239
0.3765  0.1241
0.3770  0.1243
0.3775  0.1246
0.3780  0.1248
0.3785  0.1251
0.3790  0.1254
0.3795  0.1256
0.3800  0.1258
0.3805  0.1261
0.3810  0.1263
0.3815  0.1266
0.3820  0.1268
0.3825  0.1271
0.3830  0.1273
0.3835  0.1276
0.3840  0.1278
0.3845  0.1281
0.3850  0.1283
0.3855  0.1286
0.3860  0.1289
0.3865  0.1291
0.3870  0.1294
0.3875  0.1297
0.3880  0.1299
0.3885  0.1302
0.3890  0.1304
0.3895  0.1306
0.3900  0.1309
0.3905  0.1311
0.3910  0.1314
0.3915  0.1317
0.3920  0.1319
0.3925  0.1322
0.3930  0.1325
0.3935  0.1328
0.3940  0.1330
0.3945  0.1333
0.3950  0.1335
0.3955  0.1337
0.3960  0.1340
0.3965  0.1342
0.3970  0.1344
0.3975  0.1347
0.3980  0.1349
0.3985  0.1351
0.3990  0.1353
0.3995  0.1356
0.4000  0.1358
0.4010  0.1363
0.4020  0.1368
0.4030  0.1372
0.4040  0.1377
0.4050  0.1381
0.4060  0.1385
0.4070  0.1389
0.4080  0.1393
0.4090  0.1397
0.4100  0.1402
0.4110  0.1406
0.4120  0.1410
0.4130  0.1414
0.4140  0.1418
0.4150  0.1422
0.4160  0.1426
0.4170  0.1431
0.4180  0.1435
0.4190  0.1439
0.4200  0.1443
0.4210  0.1447
0.4220  0.1452
0.4230  0.1456
0.4240  0.1461
0.4250  0.1465
0.4260  0.1469
0.4270  0.1474
0.4280  0.1478
0.4290  0.1483
0.4300  0.1488
0.4310  0.1492
0.4320  0.1497
0.4330  0.1502
0.4340  0.1507
0.4350  0.1511
0.4360  0.1516
0.4370  0.1521
0.4380  0.1526
0.4390  0.1530
0.4400  0.1535
0.4410  0.1540
0.4420  0.1544
0.4430  0.1549
0.4440  0.1553
0.4450  0.1557
0.4460  0.1562
0.4470  0.1566
0.4480  0.1570
0.4490  0.1574
0.4500  0.1577
0.4510  0.1581
0.4520  0.1585
0.4530  0.1588
0.4540  0.1591
0.4550  0.1594
0.4560  0.1598
0.4570  0.1601
0.4580  0.1604
0.4590  0.1607
0.4600  0.1610
0.4610  0.1612
0.4620  0.1615
0.4630  0.1618
0.4640  0.1620
0.4650  0.1623
0.4660  0.1625
0.4670  0.1628
0.4680  0.1631
0.4690  0.1633
0.4700  0.1636
0.4710  0.1638
0.4720  0.1640
0.4730  0.1643
0.4740  0.1645
0.4750  0.1648
0.4760  0.1651
0.4770  0.1653
0.4780  0.1656
0.4790  0.1659
0.4800  0.1661
0.4810  0.1664
0.4820  0.1667
0.4830  0.1670
0.4840  0.1672
0.4850  0.1675
0.4860  0.1678
0.4870  0.1682
0.4880  0.1685
0.4890  0.1688
0.4900  0.1691
0.4910  0.1694
0.4920  0.1697
0.4930  0.1701
0.4940  0.1704
0.4950  0.1708
0.4960  0.1711
0.4970  0.1715
0.4980  0.1718
0.4990  0.1722
0.5000  0.1726
0.5010  0.1729
0.5020  0.1733
0.5030  0.1737
0.5040  0.1740
0.5050  0.1744
0.5060  0.1748
0.5070  0.1751
0.5080  0.1755
0.5090  0.1759
0.5100  0.1762
0.5110  0.1766
0.5120  0.1770
0.5130  0.1773
0.5140  0.1777
0.5150  0.1781
0.5160  0.1784
0.5170  0.1788
0.5180  0.1792
0.5190  0.1796
0.5200  0.1799
0.5210  0.1803
0.5220  0.1807
0.5230  0.1810
0.5240  0.1814
0.5250  0.1818
0.5260  0.1822
0.5270  0.1825
0.5280  0.1829
0.5290  0.1833
0.5300  0.1837
0.5310  0.1840
0.5320  0.1844
0.5330  0.1848
0.5340  0.1852
0.5350  0.1855
0.5360  0.1859
0.5370  0.1863
0.5380  0.1866
0.5390  0.1870
0.5400  0.1874
0.5410  0.1877
0.5420  0.1881
0.5430  0.1884
0.5440  0.1888
0.5450  0.1891
0.5460  0.1895
0.5470  0.1899
0.5480  0.1902
0.5490  0.1906
0.5500  0.1909
0.5510  0.1913
0.5520  0.1916
0.5530  0.1920
0.5540  0.1923
0.5550  0.1926
0.5560  0.1930
0.5570  0.1933
0.5580  0.1936
0.5590  0.1940
0.5600  0.1943
0.5610  0.1946
0.5620  0.1950
0.5630  0.1953
0.5640  0.1956
0.5650  0.1959
0.5660  0.1962
0.5670  0.1965
0.5680  0.1968
0.5690  0.1971
0.5700  0.1974
0.5710  0.1977
0.5720  0.1980
0.5730  0.1983
0.5740  0.1986
0.5750  0.1989
0.5760  0.1992
0.5770  0.1994
0.5780  0.1997
0.5790  0.2000
0.5800  0.2002
0.5810  0.2005
0.5820  0.2007
0.5830  0.2010
0.5840  0.2012
0.5850  0.2015
0.5860  0.2017
0.5870  0.2019
0.5880  0.2021
0.5890  0.2024
0.5900  0.2026
0.5910  0.2028
0.5920  0.2031
0.5930  0.2033
0.5940  0.2035
0.5950  0.2037
0.5960  0.2039
0.5970  0.2042
0.5980  0.2044
0.5990  0.2045
0.6000  0.2047
0.6010  0.2049
0.6020  0.2051
0.6030  0.2053
0.6040  0.2054
0.6050  0.2056
0.6060  0.2058
0.6070  0.2060
0.6080  0.2061
0.6090  0.2063
0.6100  0.2065
0.6110  0.2067
0.6120  0.2069
0.6130  0.2071
0.6140  0.2073
0.6150  0.2075
0.6160  0.2076
0.6170  0.2078
0.6180  0.2080
0.6190  0.2082
0.6200  0.2083
0.6210  0.2085
0.6220  0.2087
0.6230  0.2089
0.6240  0.2091
0.6250  0.2092
0.6260  0.2094
0.6270  0.2096
0.6280  0.2098
0.6290  0.2100
0.6300  0.2101
0.6310  0.2103
0.6320  0.2105
0.6330  0.2106
0.6340  0.2108
0.6350  0.2109
0.6360  0.2111
0.6370  0.2113
0.6380  0.2115
0.6390  0.2116
0.6400  0.2118
0.6410  0.2120
0.6420  0.2121
0.6430  0.2123
0.6440  0.2125
0.6450  0.2127
0.6460  0.2128
0.6470  0.2130
0.6480  0.2132
0.6490  0.2133
0.6500  0.2135
0.6510  0.2137
0.6520  0.2139
0.6530  0.2140
0.6540  0.2142
0.6550  0.2144
0.6560  0.2146
0.6570  0.2147
0.6580  0.2149
0.6590  0.2151
0.6600  0.2153
0.6610  0.2154
0.6620  0.2156
0.6630  0.2158
0.6640  0.2159
0.6650  0.2161
0.6660  0.2163
0.6670  0.2165
0.6680  0.2166
0.6690  0.2168
0.6700  0.2170
0.6710  0.2172
0.6720  0.2173
0.6730  0.2175
0.6740  0.2177
0.6750  0.2178
0.6760  0.2180
0.6770  0.2182
0.6780  0.2184
0.6790  0.2185
0.6800  0.2187
0.6810  0.2189
0.6820  0.2190
0.6830  0.2192
0.6840  0.2194
0.6850  0.2196
0.6860  0.2197
0.6870  0.2199
0.6880  0.2201
0.6890  0.2203
0.6900  0.2205
0.6910  0.2206
0.6920  0.2208
0.6930  0.2210
0.6940  0.2212
0.6950  0.2213
0.6960  0.2215
0.6970  0.2217
0.6980  0.2219
0.6990  0.2221
0.7000  0.2223
0.7010  0.2225
0.7020  0.2226
0.7030  0.2228
0.7040  0.2230
0.7050  0.2232
0.7060  0.2234
0.7070  0.2236
0.7080  0.2238
0.7090  0.2239
0.7100  0.2241
0.7110  0.2243
0.7120  0.2245
0.7130  0.2247
0.7140  0.2249
0.7150  0.2250
0.7160  0.2252
0.7170  0.2254
0.7180  0.2256
0.7190  0.2258
0.7200  0.2260
0.7210  0.2261
0.7220  0.2263
0.7230  0.2265
0.7240  0.2267
0.7250  0.2269
0.7260  0.2270
0.7270  0.2272
0.7280  0.2274
0.7290  0.2276
0.7300  0.2278
0.7310  0.2279
0.7320  0.2281
0.7330  0.2283
0.7340  0.2285
0.7350  0.2287
0.7360  0.2288
0.7370  0.2290
0.7380  0.2292
0.7390  0.2294
0.7400  0.2296
0.7410  0.2297
0.7420  0.2299
0.7430  0.2301
0.7440  0.2303
0.7450  0.2304
0.7460  0.2306
0.7470  0.2308
0.7480  0.2310
0.7490  0.2311
0.7500  0.2313
0.7510  0.2315
0.7520  0.2316
0.7530  0.2318
0.7540  0.2320
0.7550  0.2321
0.7560  0.2323
0.7570  0.2325
0.7580  0.2326
0.7590  0.2328
0.7600  0.2330
0.7610  0.2331
0.7620  0.2333
0.7630  0.2335
0.7640  0.2337
0.7650  0.2338
0.7660  0.2340
0.7670  0.2341
0.7680  0.2343
0.7690  0.2345
0.7700  0.2346
0.7710  0.2348
0.7720  0.2349
0.7730  0.2351
0.7740  0.2352
0.7750  0.2354
0.7760  0.2355
0.7770  0.2357
0.7780  0.2359
0.7790  0.2360
0.7800  0.2362
0.7810  0.2363
0.7820  0.2365
0.7830  0.2366
0.7840  0.2368
0.7850  0.2369
0.7860  0.2371
0.7870  0.2372
0.7880  0.2374
0.7890  0.2375
0.7900  0.2377
0.7910  0.2378
0.7920  0.2380
0.7930  0.2381
0.7940  0.2383
0.7950  0.2384
0.7960  0.2386
0.7970  0.2387
0.7980  0.2388
0.7990  0.2390
0.8000  0.2391
0.8010  0.2392
0.8020  0.2394
0.8030  0.2395
0.8040  0.2397
0.8050  0.2398
0.8060  0.2400
0.8070  0.2401
0.8080  0.2402
0.8090  0.2404
0.8100  0.2405
0.8110  0.2407
0.8120  0.2408
0.8130  0.2410
0.8140  0.2411
0.8150  0.2412
0.8160  0.2414
0.8170  0.2415
0.8180  0.2417
0.8190  0.2418
0.8200  0.2419
0.8210  0.2421
0.8220  0.2422
0.8230  0.2423
0.8240  0.2425
0.8250  0.2426
0.8260  0.2427
0.8270  0.2429
0.8280  0.2430
0.8290  0.2431
0.8300  0.2432
0.8310  0.2434
0.8320  0.2435
0.8330  0.2436
0.8340  0.2438
0.8350  0.2439
0.8360  0.2440
0.8370  0.2442
0.8380  0.2443
0.8390  0.2444
0.8400  0.2446
0.8410  0.2447
0.8420  0.2448
0.8430  0.2450
0.8440  0.2451
0.8450  0.2452
0.8460  0.2453
0.8470  0.2455
0.8480  0.2456
0.8490  0.2457
0.8500  0.2458
0.8510  0.2459
0.8520  0.2461
0.8530  0.2462
0.8540  0.2463
0.8550  0.2464
0.8560  0.2466
0.8570  0.2467
0.8580  0.2468
0.8590  0.2470
0.8600  0.2471
0.8610  0.2472
0.8620  0.2474
0.8630  0.2475
0.8640  0.2476
0.8650  0.2477
0.8660  0.2479
0.8670  0.2480
0.8680  0.2481
0.8690  0.2482
0.8700  0.2483
0.8710  0.2485
0.8720  0.2486
0.8730  0.2487
0.8740  0.2488
0.8750  0.2489
0.8760  0.2491
0.8770  0.2492
0.8780  0.2493
0.8790  0.2495
0.8800  0.2496
0.8810  0.2497
0.8820  0.2499
0.8830  0.2500
0.8840  0.2501
0.8850  0.2503
0.8860  0.2504
0.8870  0.2505
0.8880  0.2506
0.8890  0.2507
0.8900  0.2509
0.8910  0.2510
0.8920  0.2511
0.8930  0.2512
0.8940  0.2513
0.8950  0.2515
0.8960  0.2516
0.8970  0.2517
0.8980  0.2518
0.8990  0.2519
0.9000  0.2521
0.9010  0.2522
0.9020  0.2523
0.9030  0.2525
0.9040  0.2526
0.9050  0.2527
0.9060  0.2528
0.9070  0.2530
0.9080  0.2531
0.9090  0.2532
0.9100  0.2533
0.9110  0.2535
0.9120  0.2536
0.9130  0.2537
0.9140  0.2538
0.9150  0.2540
0.9160  0.2541
0.9170  0.2542
0.9180  0.2543
0.9190  0.2545
0.9200  0.2546
0.9210  0.2547
0.9220  0.2549
0.9230  0.2550
0.9240  0.2551
0.9250  0.2552
0.9260  0.2553
0.9270  0.2555
0.9280  0.2556
0.9290  0.2557
0.9300  0.2558
0.9310  0.2560
0.9320  0.2561
0.9330  0.2562
0.9340  0.2564
0.9350  0.2565
0.9360  0.2567
0.9370  0.2568
0.9380  0.2569
0.9390  0.2571
0.9400  0.2572
0.9410  0.2573
0.9420  0.2575
0.9430  0.2576
0.9440  0.2577
0.9450  0.2578
0.9460  0.2580
0.9470  0.2581
0.9480  0.2582
0.9490  0.2583
0.9500  0.2584
0.9510  0.2586
0.9520  0.2587
0.9530  0.2588
0.9540  0.2589
0.9550  0.2591
0.9560  0.2592
0.9570  0.2593
0.9580  0.2595
0.9590  0.2596
0.9600  0.2597
0.9610  0.2598
0.9620  0.2600
0.9630  0.2601
0.9640  0.2602
0.9650  0.2603
0.9660  0.2605
0.9670  0.2606
0.9680  0.2607
0.9690  0.2608
0.9700  0.2610
0.9710  0.2611
0.9720  0.2612
0.9730  0.2613
0.9740  0.2614
0.9750  0.2615
0.9760  0.2617
0.9770  0.2618
0.9780  0.2619
0.9790  0.2621
0.9800  0.2622
0.9810  0.2623
0.9820  0.2624
0.9830  0.2625
0.9840  0.2626
0.9850  0.2627
0.9860  0.2629
0.9870  0.2630
0.9880  0.2631
0.9890  0.2632
0.9900  0.2633
0.9910  0.2634
0.9920  0.2636
0.9930  0.2637
0.9940  0.2638
0.9950  0.2639
0.9960  0.2640
0.9970  0.2641
0.9980  0.2642
0.9990  0.2643
1.0000  0.2645
1.0010  0.2647
1.0020  0.2650
1.0030  0.2652
1.0040  0.2653
1.0050  0.2655
1.0060  0.2656
1.0070  0.2657
1.0080  0.2658
1.0090  0.2660
1.0100  0.2662
1.0110  0.2663
1.0120  0.2665
1.0130  0.2666
1.0140  0.2667
1.0150  0.2668
1.0160  0.2670
1.0170  0.2671
1.0180  0.2672
1.0190  0.2673
1.0200  0.2674
1.0210  0.2675
1.0220  0.2676
1.0230  0.2678
1.0240  0.2679
1.0250  0.2680
1.0260  0.2681
1.0270  0.2683
1.0280  0.2684
1.0290  0.2686
1.0300  0.2687
1.0310  0.2688
1.0320  0.2690
1.0330  0.2691
1.0340  0.2692
1.0350  0.2693
1.0360  0.2694
1.0370  0.2695
1.0380  0.2697
1.0390  0.2698
1.0400  0.2700
1.0410  0.2701
1.0420  0.2703
1.0430  0.2704
1.0440  0.2705
1.0450  0.2706
1.0460  0.2707
1.0470  0.2708
1.0480  0.2710
1.0490  0.2711
1.0500  0.2713
1.0510  0.2714
1.0520  0.2715
1.0530  0.2717
1.0540  0.2718
1.0550  0.2720
1.0560  0.2721
1.0570  0.2722
1.0580  0.2724
1.0590  0.2725
1.0600  0.2726
1.0610  0.2727
1.0620  0.2728
1.0630  0.2729
1.0640  0.2731
1.0650  0.2732
1.0660  0.2734
1.0670  0.2735
1.0680  0.2737
1.0690  0.2738
1.0700  0.2739
1.0710  0.2741
1.0720  0.2742
1.0730  0.2744
1.0740  0.2745
1.0750  0.2746
1.0760  0.2747
1.0770  0.2748
1.0780  0.2749
1.0790  0.2750
1.0800  0.2752
1.0810  0.2753
1.0820  0.2755
1.0830  0.2757
1.0840  0.2758
1.0850  0.2759
1.0860  0.2761
1.0870  0.2762
1.0880  0.2763
1.0890  0.2764
1.0900  0.2765
1.0910  0.2767
1.0920  0.2768
1.0930  0.2769
1.0940  0.2771
1.0950  0.2773
1.0960  0.2774
1.0970  0.2775
1.0980  0.2777
1.0990  0.2778
1.1000  0.2779
1.1010  0.2781
1.1020  0.2782
1.1030  0.2784
1.1040  0.2785
1.1050  0.2787
1.1060  0.2788
1.1070  0.2789
1.1080  0.2790
1.1090  0.2791
1.1100  0.2792
1.1110  0.2793
1.1120  0.2795
1.1130  0.2796
1.1140  0.2797
1.1150  0.2799
1.1160  0.2801
1.1170  0.2802
1.1180  0.2803
1.1190  0.2805
1.1200  0.2806
1.1210  0.2807
1.1220  0.2809
1.1230  0.2810
1.1240  0.2812
1.1250  0.2813
1.1260  0.2815
1.1270  0.2816
1.1280  0.2817
1.1290  0.2818
1.1300  0.2819
1.1310  0.2820
1.1320  0.2821
1.1330  0.2822
1.1340  0.2824
1.1350  0.2825
1.1360  0.2826
1.1370  0.2828
1.1380  0.2829
1.1390  0.2830
1.1400  0.2832
1.1410  0.2833
1.1420  0.2835
1.1430  0.2836
1.1440  0.2837
1.1450  0.2838
1.1460  0.2840
1.1470  0.2841
1.1480  0.2842
1.1490  0.2843
1.1500  0.2844
1.1510  0.2846
1.1520  0.2847
1.1530  0.2849
1.1540  0.2850
1.1550  0.2851
1.1560  0.2852
1.1570  0.2854
1.1580  0.2855
1.1590  0.2856
1.1600  0.2857
1.1610  0.2858
1.1620  0.2860
1.1630  0.2861
1.1640  0.2862
1.1650  0.2863
1.1660  0.2864
1.1670  0.2865
1.1680  0.2866
1.1690  0.2868
1.1700  0.2869
1.1710  0.2870
1.1720  0.2871
1.1730  0.2872
1.1740  0.2873
1.1750  0.2874
1.1760  0.2875
1.1770  0.2877
1.1780  0.2878
1.1790  0.2879
1.1800  0.2880
1.1810  0.2881
1.1820  0.2882
1.1830  0.2883
1.1840  0.2884
1.1850  0.2885
1.1860  0.2886
1.1870  0.2888
1.1880  0.2889
1.1890  0.2890
1.1900  0.2891
1.1910  0.2893
1.1920  0.2894
1.1930  0.2895
1.1940  0.2896
1.1950  0.2897
1.1960  0.2898
1.1970  0.2899
1.1980  0.2901
1.1990  0.2902
1.2000  0.2903
1.2010  0.2904
1.2020  0.2905
1.2030  0.2906
1.2040  0.2907
1.2050  0.2908
1.2060  0.2910
1.2070  0.2911
1.2080  0.2912
1.2090  0.2913
1.2100  0.2914
1.2110  0.2916
1.2120  0.2917
1.2130  0.2918
1.2140  0.2919
1.2150  0.2920
1.2160  0.2921
1.2170  0.2922
1.2180  0.2923
1.2190  0.2924
1.2200  0.2925
1.2210  0.2926
1.2220  0.2927
1.2230  0.2928
1.2240  0.2929
1.2250  0.2931
1.2260  0.2932
1.2270  0.2933
1.2280  0.2934
1.2290  0.2935
1.2300  0.2936
1.2310  0.2937
1.2320  0.2938
1.2330  0.2939
1.2340  0.2940
1.2350  0.2941
1.2360  0.2943
1.2370  0.2944
1.2380  0.2945
1.2390  0.2946
1.2400  0.2946
1.2410  0.2947
1.2420  0.2949
1.2430  0.2950
1.2440  0.2951
1.2450  0.2952
1.2460  0.2953
1.2470  0.2954
1.2480  0.2955
1.2490  0.2956
1.2500  0.2957
1.2510  0.2958
1.2520  0.2959
1.2530  0.2961
1.2540  0.2962
1.2550  0.2963
1.2560  0.2963
1.2570  0.2964
1.2580  0.2965
1.2590  0.2966
1.2600  0.2967
1.2610  0.2968
1.2620  0.2969
1.2630  0.2970
1.2640  0.2971
1.2650  0.2972
1.2660  0.2973
1.2670  0.2974
1.2680  0.2975
1.2690  0.2976
1.2700  0.2977
1.2710  0.2978
1.2720  0.2979
1.2730  0.2980
1.2740  0.2981
1.2750  0.2982
1.2760  0.2983
1.2770  0.2984
1.2780  0.2985
1.2790  0.2986
1.2800  0.2987
1.2810  0.2988
1.2820  0.2989
1.2830  0.2990
1.2840  0.2990
1.2850  0.2991
1.2860  0.2992
1.2870  0.2993
1.2880  0.2994
1.2890  0.2995
1.2900  0.2996
1.2910  0.2997
1.2920  0.2997
1.2930  0.2998
1.2940  0.2999
1.2950  0.3000
1.2960  0.3001
1.2970  0.3002
1.2980  0.3003
1.2990  0.3004
1.3000  0.3005
1.3010  0.3006
1.3020  0.3007
1.3030  0.3008
1.3040  0.3009
1.3050  0.3010
1.3060  0.3011
1.3070  0.3012
1.3080  0.3012
1.3090  0.3013
1.3100  0.3014
1.3110  0.3015
1.3120  0.3016
1.3130  0.3017
1.3140  0.3018
1.3150  0.3019
1.3160  0.3020
1.3170  0.3021
1.3180  0.3022
1.3190  0.3023
1.3200  0.3024
1.3210  0.3025
1.3220  0.3025
1.3230  0.3026
1.3240  0.3027
1.3250  0.3028
1.3260  0.3029
1.3270  0.3030
1.3280  0.3030
1.3290  0.3031
1.3300  0.3032
1.3310  0.3033
1.3320  0.3034
1.3330  0.3035
1.3340  0.3036
1.3350  0.3037
1.3360  0.3038
1.3370  0.3038
1.3380  0.3039
1.3390  0.3040
1.3400  0.3041
1.3410  0.3042
1.3420  0.3042
1.3430  0.3043
1.3440  0.3044
1.3450  0.3045
1.3460  0.3046
1.3470  0.3047
1.3480  0.3048
1.3490  0.3049
1.3500  0.3050
1.3510  0.3051
1.3520  0.3052
1.3530  0.3053
1.3540  0.3054
1.3550  0.3055
1.3560  0.3056
1.3570  0.3057
1.3580  0.3058
1.3590  0.3059
1.3600  0.3060
1.3610  0.3061
1.3620  0.3062
1.3630  0.3062
1.3640  0.3063
1.3650  0.3064
1.3660  0.3065
1.3670  0.3065
1.3680  0.3066
1.3690  0.3066
1.3700  0.3067
1.3710  0.3067
1.3720  0.3068
1.3730  0.3069
1.3740  0.3069
1.3750  0.3070
1.3760  0.3071
1.3770  0.3071
1.3780  0.3072
1.3790  0.3073
1.3800  0.3073
1.3810  0.3074
1.3820  0.3074
1.3830  0.3074
1.3840  0.3074
1.3850  0.3075
1.3860  0.3075
1.3870  0.3075
1.3880  0.3075
1.3890  0.3075
1.3900  0.3075
1.3910  0.3075
1.3920  0.3074
1.3930  0.3074
1.3940  0.3074
1.3950  0.3074
1.3960  0.3074
1.3970  0.3074
1.3980  0.3074
1.3990  0.3073
1.4000  0.3073
1.4010  0.3073
1.4020  0.3073
1.4030  0.3072
1.4040  0.3072
1.4050  0.3072
1.4060  0.3072
1.4070  0.3072
1.4080  0.3071
1.4090  0.3071
1.4100  0.3071
1.4110  0.3071
1.4120  0.3071
1.4130  0.3071
1.4140  0.3072
1.4150  0.3072
1.4160  0.3073
1.4170  0.3073
1.4180  0.3074
1.4190  0.3075
1.4200  0.3076
1.4210  0.3076
1.4220  0.3077
1.4230  0.3078
1.4240  0.3079
1.4250  0.3080
1.4260  0.3081
1.4270  0.3082
1.4280  0.3084
1.4290  0.3085
1.4300  0.3086
1.4310  0.3087
1.4320  0.3088
1.4330  0.3089
1.4340  0.3090
1.4350  0.3091
1.4360  0.3092
1.4370  0.3093
1.4380  0.3094
1.4390  0.3095
1.4400  0.3096
1.4410  0.3097
1.4420  0.3097
1.4430  0.3098
1.4440  0.3099
1.4450  0.3100
1.4460  0.3101
1.4470  0.3102
1.4480  0.3103
1.4490  0.3104
1.4500  0.3105
1.4510  0.3106
1.4520  0.3107
1.4530  0.3108
1.4540  0.3108
1.4550  0.3109
1.4560  0.3110
1.4570  0.3111
1.4580  0.3112
1.4590  0.3113
1.4600  0.3114
1.4610  0.3115
1.4620  0.3116
1.4630  0.3117
1.4640  0.3118
1.4650  0.3119
1.4660  0.3120
1.4670  0.3121
1.4680  0.3122
1.4690  0.3123
1.4700  0.3124
1.4710  0.3125
1.4720  0.3126
1.4730  0.3127
1.4740  0.3128
1.4750  0.3129
1.4760  0.3130
1.4770  0.3131
1.4780  0.3132
1.4790  0.3133
1.4800  0.3134
1.4810  0.3135
1.4820  0.3136
1.4830  0.3137
1.4840  0.3138
1.4850  0.3140
1.4860  0.3141
1.4870  0.3142
1.4880  0.3143
1.4890  0.3144
1.4900  0.3145
1.4910  0.3147
1.4920  0.3148
1.4930  0.3149
1.4940  0.3150
1.4950  0.3151
1.4960  0.3152
1.4970  0.3153
1.4980  0.3154
1.4990  0.3156
1.5000  0.3157
1.5010  0.3158
1.5020  0.3159
1.5030  0.3160
1.5040  0.3161
1.5050  0.3162
1.5060  0.3163
1.5070  0.3164
1.5080  0.3165
1.5090  0.3166
1.5100  0.3167
1.5110  0.3169
1.5120  0.3170
1.5130  0.3171
1.5140  0.3172
1.5150  0.3173
1.5160  0.3174
1.5170  0.3175
1.5180  0.3176
1.5190  0.3177
1.5200  0.3178
1.5210  0.3179
1.5220  0.3180
1.5230  0.3181
1.5240  0.3182
1.5250  0.3183
1.5260  0.3184
1.5270  0.3185
1.5280  0.3186
1.5290  0.3187
1.5300  0.3188
1.5310  0.3189
1.5320  0.3190
1.5330  0.3191
1.5340  0.3192
1.5350  0.3193
1.5360  0.3193
1.5370  0.3194
1.5380  0.3195
1.5390  0.3196
1.5400  0.3197
1.5410  0.3198
1.5420  0.3199
1.5430  0.3200
1.5440  0.3201
1.5450  0.3202
1.5460  0.3202
1.5470  0.3203
1.5480  0.3204
1.5490  0.3205
1.5500  0.3206
1.5510  0.3207
1.5520  0.3207
1.5530  0.3208
1.5540  0.3209
1.5550  0.3210
1.5560  0.3211
1.5570  0.3212
1.5580  0.3213
1.5590  0.3214
1.5600  0.3214
1.5610  0.3215
1.5620  0.3216
1.5630  0.3216
1.5640  0.3217
1.5650  0.3218
1.5660  0.3219
1.5670  0.3220
1.5680  0.3221
1.5690  0.3221
1.5700  0.3222
1.5710  0.3223
1.5720  0.3224
1.5730  0.3226
1.5740  0.3227
1.5750  0.3228
1.5760  0.3229
1.5770  0.3230
1.5780  0.3231
1.5790  0.3232
1.5800  0.3233
1.5810  0.3235
1.5820  0.3236
1.5830  0.3237
1.5840  0.3238
1.5850  0.3239
1.5860  0.3239
1.5870  0.3240
1.5880  0.3241
1.5890  0.3242
1.5900  0.3243
1.5910  0.3244
1.5920  0.3245
1.5930  0.3246
1.5940  0.3246
1.5950  0.3247
1.5960  0.3248
1.5970  0.3249
1.5980  0.3250
1.5990  0.3251
1.6000  0.3252
1.6010  0.3253
1.6020  0.3254
1.6030  0.3255
1.6040  0.3255
1.6050  0.3256
1.6060  0.3257
1.6070  0.3258
1.6080  0.3259
1.6090  0.3260
1.6100  0.3260
1.6110  0.3261
1.6120  0.3262
1.6130  0.3263
1.6140  0.3263
1.6150  0.3264
1.6160  0.3265
1.6170  0.3265
1.6180  0.3266
1.6190  0.3267
1.6200  0.3268
1.6210  0.3268
1.6220  0.3269
1.6230  0.3270
1.6240  0.3271
1.6250  0.3272
1.6260  0.3272
1.6270  0.3273
1.6280  0.3274
1.6290  0.3274
1.6300  0.3275
1.6310  0.3276
1.6320  0.3276
1.6330  0.3277
1.6340  0.3278
1.6350  0.3278
1.6360  0.3279
1.6370  0.3280
1.6380  0.3281
1.6390  0.3282
1.6400  0.3282
1.6410  0.3283
1.6420  0.3284
1.6430  0.3285
1.6440  0.3286
1.6450  0.3287
1.6460  0.3288
1.6470  0.3289
1.6480  0.3290
1.6490  0.3291
1.6500  0.3291
1.6510  0.3292
1.6520  0.3293
1.6530  0.3293
1.6540  0.3294
1.6550  0.3295
1.6560  0.3296
1.6570  0.3296
1.6580  0.3297
1.6590  0.3298
1.6600  0.3299
1.6610  0.3300
1.6620  0.3301
1.6630  0.3302
1.6640  0.3303
1.6650  0.3304
1.6660  0.3304
1.6670  0.3305
1.6680  0.3306
1.6690  0.3307
1.6700  0.3307
1.6710  0.3308
1.6720  0.3308
1.6730  0.3309
1.6740  0.3309
1.6750  0.3310
1.6760  0.3310
1.6770  0.3311
1.6780  0.3311
1.6790  0.3312
1.6800  0.3312
1.6810  0.3313
1.6820  0.3313
1.6830  0.3314
1.6840  0.3315
1.6850  0.3315
1.6860  0.3316
1.6870  0.3316
1.6880  0.3317
1.6890  0.3317
1.6900  0.3318
1.6910  0.3318
1.6920  0.3319
1.6930  0.3320
1.6940  0.3320
1.6950  0.3321
1.6960  0.3322
1.6970  0.3323
1.6980  0.3323
1.6990  0.3323
1.7000  0.3324
1.7020  0.3324
1.7050  0.3325
1.7100  0.3328
1.7150  0.3330
1.7200  0.3331
1.7250  0.3332
1.7300  0.3335
1.7350  0.3336
1.7400  0.3337
1.7450  0.3340
1.7500  0.3342
1.7550  0.3343
1.7600  0.3348
1.7650  0.3355
1.7700  0.3361
1.7750  0.3368
1.7800  0.3374
1.7850  0.3378
1.7900  0.3380
1.7950  0.3383
1.8000  0.3384
1.8050  0.3385
1.8100  0.3383
1.8150  0.3384
1.8200  0.3385
1.8250  0.3383
1.8300  0.3380
1.8350  0.3377
1.8400  0.3373
1.8450  0.3371
1.8500  0.3366
1.8550  0.3359
1.8600  0.3348
1.8650  0.3328
1.8700  0.3303
1.8750  0.3287
1.8800  0.3291
1.8850  0.3304
1.8900  0.3311
1.8950  0.3303
1.9000  0.3285
1.9050  0.3263
1.9100  0.3246
1.9150  0.3235
1.9200  0.3228
1.9250  0.3225
1.9300  0.3225
1.9350  0.3227
1.9400  0.3230
1.9450  0.3232
1.9500  0.3234
1.9550  0.3233
1.9600  0.3233
1.9650  0.3233
1.9700  0.3236
1.9750  0.3240
1.9800  0.3240
1.9850  0.3234
1.9900  0.3223
1.9950  0.3216
2.0000  0.3232
2.0050  0.3268
2.0100  0.3306
2.0150  0.3337
2.0200  0.3359
2.0250  0.3377
2.0300  0.3391
2.0350  0.3402
2.0400  0.3412
2.0450  0.3420
2.0500  0.3427
2.0550  0.3434
2.0600  0.3440
2.0650  0.3446
2.0700  0.3451
2.0750  0.3456
2.0800  0.3460
2.0850  0.3462
2.0900  0.3463
2.0950  0.3462
2.1000  0.3460
2.1050  0.3456
2.1100  0.3452
2.1150  0.3449
2.1200  0.3445
2.1250  0.3439
2.1300  0.3432
2.1350  0.3420
2.1400  0.3399
2.1450  0.3374
2.1500  0.3350
2.1550  0.3342
2.1600  0.3344
2.1650  0.3357
2.1700  0.3375
2.1750  0.3392
2.1800  0.3406
2.1850  0.3414
2.1900  0.3418
2.1950  0.3416
2.2000  0.3409
2.2050  0.3400
2.2100  0.3390
2.2150  0.3377
2.2200  0.3360
2.2250  0.3339
2.2300  0.3313
2.2350  0.3284
2.2400  0.3249
2.2450  0.3209
2.2500  0.3164
2.2550  0.3114
2.2600  0.3056
2.2650  0.2993
2.2700  0.2920
2.2750  0.2835
2.2800  0.2742
2.2850  0.2653
2.2900  0.2576
2.2950  0.2515
2.3000  0.2468
2.3050  0.2431
2.3100  0.2395
2.3150  0.2349
2.3200  0.2284
2.3250  0.2198
2.3300  0.2105
2.3350  0.2032
2.3400  0.2010
2.3450  0.2055
2.3500  0.2172
2.3550  0.2358
2.3600  0.2580
2.3650  0.2797
2.3700  0.2967
2.3750  0.3082
2.3800  0.3154
2.3850  0.3193
2.3900  0.3208
2.3950  0.3201
2.4000  0.3189
2.4050  0.3180
2.4100  0.3177
2.4150  0.3155
2.4200  0.3114
2.4250  0.3062
2.4300  0.3001
2.4350  0.2934
2.4400  0.2857
2.4450  0.2789
2.4500  0.2706
2.4550  0.2610
2.4600  0.2508
2.4650  0.2388
2.4700  0.2254
2.4750  0.2124
2.4800  0.2021
2.4850  0.1933
2.4900  0.1899
2.4950  0.1834
2.5000  0.1827
