0.4000
4.0000
LimestoneGray                       
0.4000  0.2520
0.4010  0.2500
0.4020  0.2500
0.4030  0.2490
0.4040  0.2480
0.4050  0.2490
0.4060  0.2520
0.4070  0.2490
0.4080  0.2500
0.4090  0.2490
0.4100  0.2490
0.4110  0.2490
0.4120  0.2490
0.4130  0.2490
0.4140  0.2480
0.4150  0.2490
0.4160  0.2490
0.4170  0.2490
0.4180  0.2480
0.4190  0.2490
0.4200  0.2480
0.4210  0.2490
0.4220  0.2490
0.4230  0.2490
0.4240  0.2500
0.4250  0.2500
0.4260  0.2500
0.4270  0.2480
0.4280  0.2490
0.4290  0.2490
0.4300  0.2500
0.4310  0.2500
0.4320  0.2520
0.4330  0.2520
0.4340  0.2520
0.4350  0.2520
0.4360  0.2530
0.4370  0.2520
0.4380  0.2520
0.4390  0.2500
0.4400  0.2520
0.4410  0.2520
0.4420  0.2520
0.4430  0.2530
0.4440  0.2540
0.4450  0.2540
0.4460  0.2540
0.4470  0.2540
0.4480  0.2530
0.4490  0.2540
0.4500  0.2550
0.4510  0.2540
0.4520  0.2540
0.4530  0.2530
0.4540  0.2530
0.4550  0.2540
0.4560  0.2550
0.4570  0.2550
0.4580  0.2550
0.4590  0.2530
0.4600  0.2530
0.4610  0.2520
0.4620  0.2530
0.4630  0.2530
0.4640  0.2540
0.4650  0.2530
0.4660  0.2540
0.4670  0.2530
0.4680  0.2540
0.4690  0.2550
0.4700  0.2540
0.4710  0.2550
0.4720  0.2550
0.4730  0.2550
0.4740  0.2580
0.4750  0.2560
0.4760  0.2560
0.4770  0.2560
0.4780  0.2580
0.4790  0.2580
0.4800  0.2560
0.4810  0.2550
0.4820  0.2580
0.4830  0.2580
0.4840  0.2580
0.4850  0.2600
0.4860  0.2600
0.4870  0.2600
0.4880  0.2600
0.4890  0.2600
0.4900  0.2610
0.4910  0.2610
0.4920  0.2610
0.4930  0.2610
0.4940  0.2630
0.4950  0.2630
0.4960  0.2640
0.4970  0.2640
0.4980  0.2640
0.4990  0.2640
0.5000  0.2650
0.5010  0.2650
0.5020  0.2670
0.5030  0.2650
0.5040  0.2670
0.5050  0.2690
0.5060  0.2670
0.5070  0.2690
0.5080  0.2690
0.5090  0.2710
0.5100  0.2700
0.5110  0.2690
0.5120  0.2710
0.5130  0.2710
0.5140  0.2720
0.5150  0.2710
0.5160  0.2720
0.5170  0.2740
0.5180  0.2740
0.5190  0.2720
0.5200  0.2740
0.5210  0.2750
0.5220  0.2750
0.5230  0.2750
0.5240  0.2760
0.5250  0.2760
0.5260  0.2780
0.5270  0.2750
0.5280  0.2760
0.5290  0.2760
0.5300  0.2800
0.5310  0.2800
0.5320  0.2800
0.5330  0.2800
0.5340  0.2810
0.5350  0.2800
0.5360  0.2820
0.5370  0.2780
0.5380  0.2810
0.5390  0.2830
0.5400  0.2810
0.5410  0.2820
0.5420  0.2830
0.5430  0.2840
0.5440  0.2840
0.5450  0.2830
0.5460  0.2840
0.5470  0.2840
0.5480  0.2840
0.5490  0.2860
0.5500  0.2840
0.5510  0.2860
0.5520  0.2870
0.5530  0.2880
0.5540  0.2880
0.5550  0.2870
0.5560  0.2880
0.5570  0.2890
0.5580  0.2880
0.5590  0.2940
0.5600  0.2940
0.5610  0.2940
0.5620  0.2950
0.5630  0.2950
0.5640  0.2970
0.5650  0.2950
0.5660  0.2950
0.5670  0.2950
0.5680  0.2950
0.5690  0.2950
0.5700  0.2980
0.5710  0.3000
0.5720  0.2990
0.5730  0.2990
0.5740  0.3000
0.5750  0.3000
0.5760  0.3020
0.5770  0.3020
0.5780  0.3020
0.5790  0.2990
0.5800  0.3040
0.5810  0.3040
0.5820  0.3030
0.5830  0.3040
0.5840  0.3030
0.5850  0.3030
0.5860  0.3030
0.5870  0.3040
0.5880  0.3060
0.5890  0.3050
0.5900  0.3060
0.5910  0.3040
0.5920  0.3050
0.5930  0.3090
0.5940  0.3080
0.5950  0.3060
0.5960  0.3060
0.5970  0.3080
0.5980  0.3080
0.5990  0.3080
0.6000  0.3100
0.6010  0.3100
0.6020  0.3110
0.6030  0.3110
0.6040  0.3130
0.6050  0.3110
0.6060  0.3110
0.6070  0.3130
0.6080  0.3110
0.6090  0.3110
0.6100  0.3130
0.6110  0.3130
0.6120  0.3110
0.6130  0.3150
0.6140  0.3130
0.6150  0.3130
0.6160  0.3110
0.6170  0.3140
0.6180  0.3140
0.6190  0.3150
0.6200  0.3160
0.6210  0.3170
0.6220  0.3190
0.6230  0.3190
0.6240  0.3190
0.6250  0.3170
0.6260  0.3160
0.6270  0.3190
0.6280  0.3210
0.6290  0.3210
0.6300  0.3200
0.6310  0.3200
0.6320  0.3200
0.6330  0.3210
0.6340  0.3210
0.6350  0.3210
0.6360  0.3220
0.6370  0.3220
0.6380  0.3240
0.6390  0.3210
0.6400  0.3240
0.6410  0.3240
0.6420  0.3250
0.6430  0.3250
0.6440  0.3240
0.6450  0.3250
0.6460  0.3240
0.6470  0.3260
0.6480  0.3270
0.6490  0.3270
0.6500  0.3260
0.6510  0.3250
0.6520  0.3260
0.6530  0.3280
0.6540  0.3300
0.6550  0.3280
0.6560  0.3280
0.6570  0.3280
0.6580  0.3320
0.6590  0.3310
0.6600  0.3300
0.6610  0.3280
0.6620  0.3270
0.6630  0.3300
0.6640  0.3320
0.6650  0.3320
0.6660  0.3330
0.6670  0.3320
0.6680  0.3320
0.6690  0.3330
0.6700  0.3330
0.6710  0.3330
0.6720  0.3330
0.6730  0.3320
0.6740  0.3350
0.6750  0.3350
0.6760  0.3350
0.6770  0.3350
0.6780  0.3360
0.6790  0.3380
0.6800  0.3380
0.6810  0.3370
0.6820  0.3370
0.6830  0.3380
0.6840  0.3410
0.6850  0.3390
0.6860  0.3390
0.6870  0.3410
0.6880  0.3410
0.6890  0.3420
0.6900  0.3430
0.6910  0.3420
0.6920  0.3420
0.6930  0.3420
0.6940  0.3440
0.6950  0.3460
0.6960  0.3460
0.6970  0.3440
0.6980  0.3460
0.6990  0.3440
0.7000  0.3440
0.7010  0.3460
0.7020  0.3460
0.7030  0.3470
0.7040  0.3480
0.7050  0.3490
0.7060  0.3480
0.7070  0.3500
0.7080  0.3520
0.7090  0.3490
0.7100  0.3500
0.7110  0.3530
0.7120  0.3520
0.7130  0.3520
0.7140  0.3520
0.7150  0.3520
0.7160  0.3520
0.7170  0.3500
0.7180  0.3520
0.7190  0.3540
0.7200  0.3580
0.7210  0.3580
0.7220  0.3590
0.7230  0.3590
0.7240  0.3580
0.7250  0.3580
0.7260  0.3580
0.7270  0.3600
0.7280  0.3610
0.7290  0.3600
0.7300  0.3580
0.7310  0.3600
0.7320  0.3590
0.7330  0.3600
0.7340  0.3630
0.7350  0.3610
0.7360  0.3640
0.7370  0.3640
0.7380  0.3630
0.7390  0.3660
0.7400  0.3650
0.7410  0.3660
0.7420  0.3660
0.7430  0.3650
0.7440  0.3650
0.7450  0.3660
0.7460  0.3650
0.7470  0.3700
0.7480  0.3680
0.7490  0.3680
0.7500  0.3700
0.7510  0.3710
0.7520  0.3720
0.7530  0.3710
0.7540  0.3710
0.7550  0.3710
0.7560  0.3710
0.7570  0.3720
0.7580  0.3720
0.7590  0.3770
0.7600  0.3770
0.7610  0.3760
0.7620  0.3750
0.7630  0.3760
0.7640  0.3770
0.7650  0.3760
0.7660  0.3750
0.7670  0.3760
0.7680  0.3750
0.7690  0.3770
0.7700  0.3750
0.7710  0.3790
0.7720  0.3790
0.7730  0.3790
0.7740  0.3790
0.7750  0.3810
0.7760  0.3800
0.7770  0.3800
0.7780  0.3820
0.7790  0.3810
0.7800  0.3820
0.7810  0.3830
0.7820  0.3850
0.7830  0.3830
0.7840  0.3850
0.7850  0.3850
0.7860  0.3860
0.7870  0.3870
0.7880  0.3830
0.7890  0.3850
0.7900  0.3850
0.7910  0.3860
0.7920  0.3880
0.7930  0.3890
0.7940  0.3880
0.7950  0.3870
0.7960  0.3870
0.7970  0.3880
0.7980  0.3880
0.7990  0.3880
0.8000  0.3960
0.8010  0.4001
0.8020  0.4001
0.8030  0.3981
0.8040  0.3960
0.8050  0.3959
0.8060  0.3971
0.8070  0.3986
0.8080  0.4000
0.8090  0.4002
0.8100  0.3998
0.8110  0.3993
0.8120  0.3990
0.8130  0.3995
0.8140  0.4003
0.8150  0.4012
0.8160  0.4020
0.8170  0.4023
0.8180  0.4023
0.8190  0.4022
0.8200  0.4020
0.8210  0.4019
0.8220  0.4019
0.8230  0.4020
0.8240  0.4020
0.8250  0.4018
0.8260  0.4017
0.8270  0.4018
0.8280  0.4020
0.8290  0.4025
0.8300  0.4033
0.8310  0.4041
0.8320  0.4050
0.8330  0.4060
0.8340  0.4069
0.8350  0.4076
0.8360  0.4080
0.8370  0.4079
0.8380  0.4076
0.8390  0.4072
0.8400  0.4070
0.8410  0.4070
0.8420  0.4072
0.8430  0.4076
0.8440  0.4080
0.8450  0.4084
0.8460  0.4089
0.8470  0.4094
0.8480  0.4100
0.8490  0.4108
0.8500  0.4116
0.8510  0.4124
0.8520  0.4130
0.8530  0.4134
0.8540  0.4137
0.8550  0.4138
0.8560  0.4140
0.8570  0.4142
0.8580  0.4145
0.8590  0.4147
0.8600  0.4150
0.8610  0.4152
0.8620  0.4154
0.8630  0.4157
0.8640  0.4160
0.8650  0.4165
0.8660  0.4170
0.8670  0.4175
0.8680  0.4180
0.8690  0.4184
0.8700  0.4187
0.8710  0.4189
0.8720  0.4190
0.8730  0.4190
0.8740  0.4190
0.8750  0.4189
0.8760  0.4190
0.8770  0.4192
0.8780  0.4195
0.8790  0.4198
0.8800  0.4200
0.8810  0.4199
0.8820  0.4197
0.8830  0.4197
0.8840  0.4200
0.8850  0.4209
0.8860  0.4220
0.8870  0.4231
0.8880  0.4240
0.8890  0.4246
0.8900  0.4249
0.8910  0.4250
0.8920  0.4250
0.8930  0.4249
0.8940  0.4248
0.8950  0.4248
0.8960  0.4250
0.8970  0.4255
0.8980  0.4260
0.8990  0.4266
0.9000  0.4270
0.9010  0.4271
0.9020  0.4270
0.9030  0.4269
0.9040  0.4270
0.9050  0.4274
0.9060  0.4280
0.9070  0.4286
0.9080  0.4290
0.9090  0.4290
0.9100  0.4289
0.9110  0.4289
0.9120  0.4290
0.9130  0.4296
0.9140  0.4304
0.9150  0.4313
0.9160  0.4320
0.9170  0.4327
0.9180  0.4331
0.9190  0.4332
0.9200  0.4330
0.9210  0.4321
0.9220  0.4312
0.9230  0.4304
0.9240  0.4300
0.9250  0.4303
0.9260  0.4311
0.9270  0.4321
0.9280  0.4330
0.9290  0.4338
0.9300  0.4344
0.9310  0.4348
0.9320  0.4350
0.9330  0.4351
0.9340  0.4351
0.9350  0.4351
0.9360  0.4350
0.9370  0.4350
0.9380  0.4350
0.9390  0.4350
0.9400  0.4350
0.9410  0.4349
0.9420  0.4348
0.9430  0.4348
0.9440  0.4350
0.9450  0.4355
0.9460  0.4360
0.9470  0.4366
0.9480  0.4370
0.9490  0.4371
0.9500  0.4371
0.9510  0.4370
0.9520  0.4370
0.9530  0.4371
0.9540  0.4373
0.9550  0.4376
0.9560  0.4380
0.9570  0.4385
0.9580  0.4391
0.9590  0.4396
0.9600  0.4400
0.9610  0.4403
0.9620  0.4405
0.9630  0.4407
0.9640  0.4410
0.9650  0.4416
0.9660  0.4423
0.9670  0.4428
0.9680  0.4430
0.9690  0.4424
0.9700  0.4416
0.9710  0.4411
0.9720  0.4410
0.9730  0.4420
0.9740  0.4434
0.9750  0.4449
0.9760  0.4460
0.9770  0.4463
0.9780  0.4462
0.9790  0.4460
0.9800  0.4460
0.9810  0.4464
0.9820  0.4472
0.9830  0.4481
0.9840  0.4490
0.9850  0.4503
0.9860  0.4513
0.9870  0.4520
0.9880  0.4520
0.9890  0.4510
0.9900  0.4496
0.9910  0.4481
0.9920  0.4470
0.9930  0.4462
0.9940  0.4460
0.9950  0.4463
0.9960  0.4470
0.9970  0.4485
0.9980  0.4500
0.9990  0.4513
1.0000  0.4520
1.0010  0.4515
1.0020  0.4506
1.0030  0.4496
1.0040  0.4490
1.0050  0.4492
1.0060  0.4499
1.0070  0.4509
1.0080  0.4520
1.0090  0.4532
1.0100  0.4541
1.0110  0.4547
1.0120  0.4550
1.0130  0.4543
1.0140  0.4536
1.0150  0.4530
1.0160  0.4530
1.0170  0.4545
1.0180  0.4563
1.0190  0.4580
1.0200  0.4590
1.0210  0.4584
1.0220  0.4571
1.0230  0.4558
1.0240  0.4550
1.0250  0.4555
1.0260  0.4566
1.0270  0.4579
1.0280  0.4590
1.0290  0.4595
1.0300  0.4595
1.0310  0.4593
1.0320  0.4590
1.0330  0.4589
1.0340  0.4589
1.0350  0.4589
1.0360  0.4590
1.0370  0.4590
1.0380  0.4589
1.0390  0.4589
1.0400  0.4590
1.0410  0.4591
1.0420  0.4592
1.0430  0.4595
1.0440  0.4600
1.0450  0.4608
1.0460  0.4617
1.0470  0.4624
1.0480  0.4630
1.0490  0.4631
1.0500  0.4630
1.0510  0.4629
1.0520  0.4630
1.0530  0.4637
1.0540  0.4645
1.0550  0.4653
1.0560  0.4660
1.0570  0.4663
1.0580  0.4663
1.0590  0.4662
1.0600  0.4660
1.0610  0.4658
1.0620  0.4657
1.0630  0.4658
1.0640  0.4660
1.0650  0.4664
1.0660  0.4669
1.0670  0.4674
1.0680  0.4680
1.0690  0.4685
1.0700  0.4689
1.0710  0.4694
1.0720  0.4700
1.0730  0.4710
1.0740  0.4719
1.0750  0.4726
1.0760  0.4730
1.0770  0.4726
1.0780  0.4719
1.0790  0.4713
1.0800  0.4710
1.0810  0.4714
1.0820  0.4722
1.0830  0.4732
1.0840  0.4740
1.0850  0.4745
1.0860  0.4748
1.0870  0.4750
1.0880  0.4750
1.0890  0.4749
1.0900  0.4748
1.0910  0.4748
1.0920  0.4750
1.0930  0.4754
1.0940  0.4759
1.0950  0.4764
1.0960  0.4770
1.0970  0.4775
1.0980  0.4780
1.0990  0.4785
1.1000  0.4790
1.1010  0.4796
1.1020  0.4801
1.1030  0.4806
1.1040  0.4810
1.1050  0.4817
1.1060  0.4821
1.1070  0.4823
1.1080  0.4820
1.1090  0.4806
1.1100  0.4791
1.1110  0.4777
1.1120  0.4770
1.1130  0.4776
1.1140  0.4787
1.1150  0.4800
1.1160  0.4810
1.1170  0.4811
1.1180  0.4808
1.1190  0.4804
1.1200  0.4800
1.1210  0.4799
1.1220  0.4800
1.1230  0.4804
1.1240  0.4810
1.1250  0.4817
1.1260  0.4825
1.1270  0.4833
1.1280  0.4840
1.1290  0.4846
1.1300  0.4851
1.1310  0.4855
1.1320  0.4860
1.1330  0.4866
1.1340  0.4872
1.1350  0.4877
1.1360  0.4880
1.1370  0.4882
1.1380  0.4882
1.1390  0.4882
1.1400  0.4880
1.1410  0.4875
1.1420  0.4872
1.1430  0.4869
1.1440  0.4870
1.1450  0.4878
1.1460  0.4887
1.1470  0.4895
1.1480  0.4900
1.1490  0.4897
1.1500  0.4890
1.1510  0.4884
1.1520  0.4880
1.1530  0.4881
1.1540  0.4885
1.1550  0.4892
1.1560  0.4900
1.1570  0.4908
1.1580  0.4915
1.1590  0.4923
1.1600  0.4930
1.1610  0.4939
1.1620  0.4947
1.1630  0.4954
1.1640  0.4960
1.1650  0.4965
1.1660  0.4968
1.1670  0.4970
1.1680  0.4970
1.1690  0.4967
1.1700  0.4964
1.1710  0.4961
1.1720  0.4960
1.1730  0.4961
1.1740  0.4963
1.1750  0.4967
1.1760  0.4970
1.1770  0.4973
1.1780  0.4976
1.1790  0.4979
1.1800  0.4980
1.1810  0.4981
1.1820  0.4981
1.1830  0.4980
1.1840  0.4980
1.1850  0.4979
1.1860  0.4979
1.1870  0.4979
1.1880  0.4980
1.1890  0.4982
1.1900  0.4985
1.1910  0.4988
1.1920  0.4990
1.1930  0.4989
1.1940  0.4988
1.1950  0.4988
1.1960  0.4990
1.1970  0.4997
1.1980  0.5005
1.1990  0.5014
1.2000  0.5020
1.2010  0.5024
1.2020  0.5026
1.2030  0.5024
1.2040  0.5020
1.2050  0.5011
1.2060  0.5002
1.2070  0.4994
1.2080  0.4990
1.2090  0.4992
1.2100  0.4997
1.2110  0.5004
1.2120  0.5010
1.2130  0.5014
1.2140  0.5016
1.2150  0.5018
1.2160  0.5020
1.2170  0.5025
1.2180  0.5030
1.2190  0.5035
1.2200  0.5040
1.2210  0.5044
1.2220  0.5047
1.2230  0.5049
1.2240  0.5050
1.2250  0.5050
1.2260  0.5050
1.2270  0.5050
1.2280  0.5050
1.2290  0.5049
1.2300  0.5048
1.2310  0.5048
1.2320  0.5050
1.2330  0.5055
1.2340  0.5060
1.2350  0.5066
1.2360  0.5070
1.2370  0.5070
1.2380  0.5069
1.2390  0.5068
1.2400  0.5070
1.2410  0.5076
1.2420  0.5083
1.2430  0.5092
1.2440  0.5100
1.2450  0.5107
1.2460  0.5113
1.2470  0.5117
1.2480  0.5120
1.2490  0.5123
1.2500  0.5124
1.2510  0.5123
1.2520  0.5120
1.2530  0.5110
1.2540  0.5100
1.2550  0.5093
1.2560  0.5090
1.2570  0.5097
1.2580  0.5107
1.2590  0.5120
1.2600  0.5130
1.2610  0.5138
1.2620  0.5141
1.2630  0.5142
1.2640  0.5140
1.2650  0.5134
1.2660  0.5128
1.2670  0.5123
1.2680  0.5120
1.2690  0.5120
1.2700  0.5122
1.2710  0.5125
1.2720  0.5130
1.2730  0.5134
1.2740  0.5139
1.2750  0.5144
1.2760  0.5150
1.2770  0.5158
1.2780  0.5166
1.2790  0.5174
1.2800  0.5180
1.2810  0.5185
1.2820  0.5188
1.2830  0.5189
1.2840  0.5190
1.2850  0.5190
1.2860  0.5190
1.2870  0.5190
1.2880  0.5190
1.2890  0.5189
1.2900  0.5189
1.2910  0.5189
1.2920  0.5190
1.2930  0.5192
1.2940  0.5195
1.2950  0.5198
1.2960  0.5200
1.2970  0.5201
1.2980  0.5201
1.2990  0.5200
1.3000  0.5200
1.3010  0.5199
1.3020  0.5199
1.3030  0.5199
1.3040  0.5200
1.3050  0.5202
1.3060  0.5205
1.3070  0.5208
1.3080  0.5210
1.3090  0.5211
1.3100  0.5211
1.3110  0.5210
1.3120  0.5210
1.3130  0.5210
1.3140  0.5210
1.3150  0.5210
1.3160  0.5210
1.3170  0.5208
1.3180  0.5207
1.3190  0.5208
1.3200  0.5210
1.3210  0.5216
1.3220  0.5224
1.3230  0.5232
1.3240  0.5240
1.3250  0.5247
1.3260  0.5253
1.3270  0.5257
1.3280  0.5260
1.3290  0.5262
1.3300  0.5262
1.3310  0.5261
1.3320  0.5260
1.3330  0.5257
1.3340  0.5254
1.3350  0.5251
1.3360  0.5250
1.3370  0.5252
1.3380  0.5254
1.3390  0.5258
1.3400  0.5260
1.3410  0.5262
1.3420  0.5263
1.3430  0.5262
1.3440  0.5260
1.3450  0.5256
1.3460  0.5250
1.3470  0.5245
1.3480  0.5240
1.3490  0.5235
1.3500  0.5232
1.3510  0.5230
1.3520  0.5230
1.3530  0.5229
1.3540  0.5230
1.3550  0.5234
1.3560  0.5240
1.3570  0.5251
1.3580  0.5264
1.3590  0.5278
1.3600  0.5290
1.3610  0.5302
1.3620  0.5312
1.3630  0.5318
1.3640  0.5320
1.3650  0.5322
1.3660  0.5320
1.3670  0.5312
1.3680  0.5300
1.3690  0.5274
1.3700  0.5247
1.3710  0.5224
1.3720  0.5210
1.3730  0.5210
1.3740  0.5220
1.3750  0.5234
1.3760  0.5250
1.3770  0.5268
1.3780  0.5282
1.3790  0.5290
1.3800  0.5290
1.3810  0.5278
1.3820  0.5261
1.3830  0.5244
1.3840  0.5230
1.3850  0.5224
1.3860  0.5223
1.3870  0.5226
1.3880  0.5230
1.3890  0.5234
1.3900  0.5238
1.3910  0.5240
1.3920  0.5240
1.3930  0.5239
1.3940  0.5237
1.3950  0.5234
1.3960  0.5230
1.3970  0.5224
1.3980  0.5219
1.3990  0.5214
1.4000  0.5210
1.4010  0.5210
1.4020  0.5211
1.4030  0.5212
1.4040  0.5210
1.4050  0.5201
1.4060  0.5192
1.4070  0.5184
1.4080  0.5180
1.4090  0.5185
1.4100  0.5194
1.4110  0.5203
1.4120  0.5210
1.4130  0.5211
1.4140  0.5208
1.4150  0.5204
1.4160  0.5200
1.4170  0.5200
1.4180  0.5200
1.4190  0.5201
1.4200  0.5200
1.4210  0.5196
1.4220  0.5190
1.4230  0.5184
1.4240  0.5180
1.4250  0.5179
1.4260  0.5180
1.4270  0.5181
1.4280  0.5180
1.4290  0.5174
1.4300  0.5167
1.4310  0.5162
1.4320  0.5160
1.4330  0.5165
1.4340  0.5173
1.4350  0.5182
1.4360  0.5190
1.4370  0.5194
1.4380  0.5196
1.4390  0.5197
1.4400  0.5200
1.4410  0.5206
1.4420  0.5214
1.4430  0.5222
1.4440  0.5230
1.4450  0.5236
1.4460  0.5241
1.4470  0.5246
1.4480  0.5250
1.4490  0.5256
1.4500  0.5263
1.4510  0.5267
1.4520  0.5270
1.4530  0.5267
1.4540  0.5263
1.4550  0.5260
1.4560  0.5260
1.4570  0.5265
1.4580  0.5274
1.4590  0.5282
1.4600  0.5290
1.4610  0.5295
1.4620  0.5298
1.4630  0.5300
1.4640  0.5300
1.4650  0.5299
1.4660  0.5298
1.4670  0.5298
1.4680  0.5300
1.4690  0.5303
1.4700  0.5308
1.4710  0.5313
1.4720  0.5320
1.4730  0.5329
1.4740  0.5337
1.4750  0.5345
1.4760  0.5350
1.4770  0.5352
1.4780  0.5351
1.4790  0.5350
1.4800  0.5350
1.4810  0.5351
1.4820  0.5354
1.4830  0.5357
1.4840  0.5360
1.4850  0.5363
1.4860  0.5365
1.4870  0.5368
1.4880  0.5370
1.4890  0.5374
1.4900  0.5378
1.4910  0.5380
1.4920  0.5380
1.4930  0.5373
1.4940  0.5366
1.4950  0.5360
1.4960  0.5360
1.4970  0.5371
1.4980  0.5385
1.4990  0.5399
1.5000  0.5410
1.5010  0.5412
1.5020  0.5409
1.5030  0.5404
1.5040  0.5400
1.5050  0.5400
1.5060  0.5403
1.5070  0.5407
1.5080  0.5410
1.5090  0.5411
1.5100  0.5411
1.5110  0.5411
1.5120  0.5410
1.5130  0.5409
1.5140  0.5409
1.5150  0.5409
1.5160  0.5410
1.5170  0.5411
1.5180  0.5413
1.5190  0.5416
1.5200  0.5420
1.5210  0.5429
1.5220  0.5438
1.5230  0.5446
1.5240  0.5450
1.5250  0.5448
1.5260  0.5443
1.5270  0.5436
1.5280  0.5430
1.5290  0.5424
1.5300  0.5420
1.5310  0.5418
1.5320  0.5420
1.5330  0.5429
1.5340  0.5438
1.5350  0.5446
1.5360  0.5450
1.5370  0.5445
1.5380  0.5436
1.5390  0.5427
1.5400  0.5420
1.5410  0.5417
1.5420  0.5418
1.5430  0.5423
1.5440  0.5430
1.5450  0.5441
1.5460  0.5452
1.5470  0.5462
1.5480  0.5470
1.5490  0.5476
1.5500  0.5479
1.5510  0.5480
1.5520  0.5480
1.5530  0.5478
1.5540  0.5475
1.5550  0.5472
1.5560  0.5470
1.5570  0.5467
1.5580  0.5465
1.5590  0.5466
1.5600  0.5470
1.5610  0.5479
1.5620  0.5490
1.5630  0.5501
1.5640  0.5510
1.5650  0.5518
1.5660  0.5522
1.5670  0.5523
1.5680  0.5520
1.5690  0.5510
1.5700  0.5499
1.5710  0.5488
1.5720  0.5480
1.5730  0.5474
1.5740  0.5473
1.5750  0.5475
1.5760  0.5480
1.5770  0.5491
1.5780  0.5503
1.5790  0.5513
1.5800  0.5520
1.5810  0.5522
1.5820  0.5520
1.5830  0.5515
1.5840  0.5510
1.5850  0.5502
1.5860  0.5496
1.5870  0.5492
1.5880  0.5490
1.5890  0.5493
1.5900  0.5498
1.5910  0.5504
1.5920  0.5510
1.5930  0.5511
1.5940  0.5513
1.5950  0.5515
1.5960  0.5520
1.5970  0.5532
1.5980  0.5546
1.5990  0.5559
1.6000  0.5570
1.6010  0.5577
1.6020  0.5580
1.6030  0.5581
1.6040  0.5580
1.6050  0.5580
1.6060  0.5578
1.6070  0.5575
1.6080  0.5570
1.6090  0.5559
1.6100  0.5547
1.6110  0.5537
1.6120  0.5530
1.6130  0.5530
1.6140  0.5533
1.6150  0.5537
1.6160  0.5540
1.6170  0.5539
1.6180  0.5536
1.6190  0.5533
1.6200  0.5530
1.6210  0.5526
1.6220  0.5525
1.6230  0.5526
1.6240  0.5530
1.6250  0.5542
1.6260  0.5554
1.6270  0.5564
1.6280  0.5570
1.6290  0.5566
1.6300  0.5558
1.6310  0.5548
1.6320  0.5540
1.6330  0.5537
1.6340  0.5537
1.6350  0.5538
1.6360  0.5540
1.6370  0.5540
1.6380  0.5539
1.6390  0.5539
1.6400  0.5540
1.6410  0.5542
1.6420  0.5546
1.6430  0.5552
1.6440  0.5560
1.6450  0.5570
1.6460  0.5581
1.6470  0.5591
1.6480  0.5600
1.6490  0.5610
1.6500  0.5616
1.6510  0.5620
1.6520  0.5620
1.6530  0.5613
1.6540  0.5604
1.6550  0.5596
1.6560  0.5590
1.6570  0.5591
1.6580  0.5594
1.6590  0.5598
1.6600  0.5600
1.6610  0.5596
1.6620  0.5590
1.6630  0.5584
1.6640  0.5580
1.6650  0.5580
1.6660  0.5583
1.6670  0.5587
1.6680  0.5590
1.6690  0.5591
1.6700  0.5590
1.6710  0.5590
1.6720  0.5590
1.6730  0.5592
1.6740  0.5595
1.6750  0.5598
1.6760  0.5600
1.6770  0.5602
1.6780  0.5603
1.6790  0.5602
1.6800  0.5600
1.6810  0.5595
1.6820  0.5589
1.6830  0.5584
1.6840  0.5580
1.6850  0.5576
1.6860  0.5575
1.6870  0.5576
1.6880  0.5580
1.6890  0.5590
1.6900  0.5601
1.6910  0.5612
1.6920  0.5620
1.6930  0.5623
1.6940  0.5622
1.6950  0.5621
1.6960  0.5620
1.6970  0.5622
1.6980  0.5625
1.6990  0.5628
1.7000  0.5630
1.7020  0.5631
1.7050  0.5607
1.7100  0.5563
1.7150  0.5545
1.7200  0.5530
1.7250  0.5574
1.7300  0.5564
1.7350  0.5558
1.7400  0.5580
1.7450  0.5574
1.7500  0.5563
1.7550  0.5578
1.7600  0.5590
1.7650  0.5605
1.7700  0.5627
1.7750  0.5629
1.7800  0.5650
1.7850  0.5614
1.7900  0.5633
1.7950  0.5642
1.8000  0.5630
1.8050  0.5586
1.8100  0.5588
1.8150  0.5619
1.8200  0.5560
1.8250  0.5527
1.8300  0.5514
1.8350  0.5513
1.8400  0.5470
1.8450  0.5472
1.8500  0.5435
1.8550  0.5343
1.8600  0.5210
1.8650  0.5204
1.8700  0.5201
1.8750  0.5242
1.8800  0.5210
1.8850  0.5177
1.8900  0.5075
1.8950  0.5016
1.9000  0.4980
1.9050  0.4955
1.9100  0.4920
1.9150  0.4874
1.9200  0.4900
1.9250  0.4845
1.9300  0.4856
1.9350  0.4860
1.9400  0.4860
1.9450  0.4874
1.9500  0.4871
1.9550  0.4850
1.9600  0.4860
1.9650  0.4884
1.9700  0.4916
1.9750  0.4883
1.9800  0.4870
1.9850  0.4876
1.9900  0.4907
1.9950  0.4962
2.0000  0.5050
2.0050  0.5150
2.0100  0.5227
2.0150  0.5284
2.0200  0.5290
2.0250  0.5313
2.0300  0.5389
2.0350  0.5374
2.0400  0.5410
2.0450  0.5454
2.0500  0.5439
2.0550  0.5426
2.0600  0.5470
2.0650  0.5463
2.0700  0.5485
2.0750  0.5515
2.0800  0.5510
2.0850  0.5512
2.0900  0.5478
2.0950  0.5464
2.1000  0.5470
2.1050  0.5379
2.1100  0.5408
2.1150  0.5311
2.1200  0.5350
2.1250  0.5324
2.1300  0.5277
2.1350  0.5282
2.1400  0.5212
2.1450  0.5124
2.1500  0.5014
2.1550  0.5019
2.1600  0.5043
2.1650  0.5107
2.1700  0.5157
2.1750  0.5194
2.1800  0.5254
2.1850  0.5233
2.1900  0.5275
2.1950  0.5239
2.2000  0.5238
2.2050  0.5152
2.2100  0.5128
2.2150  0.5117
2.2200  0.5089
2.2250  0.5029
2.2300  0.4927
2.2350  0.4885
2.2400  0.4788
2.2450  0.4659
2.2500  0.4570
2.2550  0.4465
2.2600  0.4299
2.2650  0.4186
2.2700  0.4051
2.2750  0.3907
2.2800  0.3678
2.2850  0.3532
2.2900  0.3402
2.2950  0.3328
2.3000  0.3211
2.3050  0.3181
2.3100  0.3159
2.3150  0.3071
2.3200  0.2977
2.3250  0.2845
2.3300  0.2689
2.3350  0.2573
2.3400  0.2544
2.3450  0.2604
2.3500  0.2798
2.3550  0.3053
2.3600  0.3399
2.3650  0.3770
2.3700  0.4054
2.3750  0.4290
2.3800  0.4400
2.3850  0.4524
2.3900  0.4494
2.3950  0.4466
2.4000  0.4424
2.4050  0.4413
2.4100  0.4419
2.4150  0.4377
2.4200  0.4232
2.4250  0.4122
2.4300  0.4041
2.4350  0.3882
2.4400  0.3782
2.4450  0.3655
2.4500  0.3483
2.4550  0.3360
2.4600  0.3180
2.4650  0.2967
2.4700  0.2769
2.4750  0.2643
2.4800  0.2464
2.4850  0.2360
2.4900  0.2263
2.4950  0.2258
2.5000  0.2247
2.5050  0.2193
2.5100  0.2143
2.5150  0.2063
2.5200  0.1951
2.5250  0.1814
2.5300  0.1694
2.5350  0.1642
2.5400  0.1691
2.5450  0.1852
2.5500  0.2120
2.5550  0.2495
2.5600  0.2813
2.5650  0.3123
2.5700  0.3341
2.5750  0.3468
2.5800  0.3555
2.5850  0.3670
2.5900  0.3818
2.5950  0.3953
2.6000  0.4006
2.6050  0.4067
2.6100  0.4095
2.6150  0.4132
2.6200  0.4107
2.6250  0.4116
2.6300  0.4114
2.6350  0.4092
2.6400  0.4066
2.6450  0.4023
2.6500  0.3982
2.6550  0.3913
2.6600  0.3834
2.6650  0.3791
2.6700  0.3712
2.6750  0.3572
2.6800  0.3496
2.6850  0.3360
2.6900  0.3137
2.6950  0.2945
2.7000  0.2707
2.7050  0.2512
2.7100  0.2297
2.7150  0.2110
2.7200  0.1842
2.7250  0.1725
2.7300  0.1567
2.7350  0.1443
2.7400  0.1349
2.7450  0.1247
2.7500  0.1190
2.7550  0.1145
2.7600  0.1099
2.7650  0.1045
2.7700  0.1006
2.7750  0.0964
2.7800  0.0925
2.7850  0.0890
2.7900  0.0863
2.7950  0.0885
2.8000  0.0894
2.8050  0.0884
2.8100  0.0857
2.8150  0.0874
2.8200  0.0837
2.8250  0.0827
2.8300  0.0826
2.8350  0.0826
2.8400  0.0793
2.8450  0.0802
2.8500  0.0767
2.8550  0.0756
2.8600  0.0752
2.8650  0.0724
2.8700  0.0725
2.8750  0.0706
2.8800  0.0708
2.8850  0.0707
2.8900  0.0696
2.8950  0.0691
2.9000  0.0687
2.9050  0.0675
2.9100  0.0672
2.9150  0.0677
2.9200  0.0688
2.9250  0.0659
2.9300  0.0658
2.9350  0.0661
2.9400  0.0663
2.9450  0.0663
2.9500  0.0648
2.9550  0.0649
2.9600  0.0665
2.9650  0.0659
2.9700  0.0661
2.9750  0.0651
2.9800  0.0670
2.9850  0.0682
2.9900  0.0658
2.9950  0.0671
3.0000  0.0675
3.0050  0.0669
3.0100  0.0665
3.0150  0.0667
3.0200  0.0678
3.0250  0.0668
3.0300  0.0671
3.0350  0.0657
3.0400  0.0679
3.0450  0.0668
3.0500  0.0683
3.0550  0.0675
3.0600  0.0680
3.0650  0.0684
3.0700  0.0691
3.0750  0.0675
3.0800  0.0682
3.0850  0.0677
3.0900  0.0678
3.0950  0.0688
3.1000  0.0672
3.1050  0.0674
3.1100  0.0677
3.1150  0.0688
3.1200  0.0710
3.1250  0.0707
3.1300  0.0708
3.1350  0.0709
3.1400  0.0718
3.1450  0.0716
3.1500  0.0721
3.1550  0.0733
3.1600  0.0738
3.1650  0.0752
3.1700  0.0761
3.1750  0.0789
3.1800  0.0774
3.1850  0.0797
3.1900  0.0803
3.1950  0.0796
3.2000  0.0811
3.2050  0.0813
3.2100  0.0821
3.2150  0.0816
3.2200  0.0824
3.2250  0.0813
3.2300  0.0815
3.2350  0.0818
3.2400  0.0819
3.2450  0.0822
3.2500  0.0809
3.2550  0.0814
3.2600  0.0820
3.2650  0.0800
3.2700  0.0793
3.2750  0.0791
3.2800  0.0791
3.2850  0.0770
3.2900  0.0776
3.2950  0.0747
3.3000  0.0734
3.3050  0.0729
3.3100  0.0707
3.3150  0.0671
3.3200  0.0655
3.3250  0.0626
3.3300  0.0600
3.3350  0.0550
3.3400  0.0503
3.3450  0.0475
3.3500  0.0461
3.3550  0.0462
3.3600  0.0475
3.3650  0.0472
3.3700  0.0471
3.3750  0.0474
3.3800  0.0469
3.3850  0.0470
3.3900  0.0477
3.3950  0.0467
3.4000  0.0468
3.4050  0.0459
3.4100  0.0462
3.4150  0.0465
3.4200  0.0458
3.4250  0.0466
3.4300  0.0469
3.4350  0.0466
3.4400  0.0474
3.4450  0.0472
3.4500  0.0473
3.4550  0.0466
3.4600  0.0444
3.4650  0.0431
3.4700  0.0429
3.4750  0.0427
3.4800  0.0434
3.4850  0.0432
3.4900  0.0449
3.4950  0.0451
3.5000  0.0452
3.5050  0.0462
3.5100  0.0474
3.5150  0.0485
3.5200  0.0516
3.5250  0.0542
3.5300  0.0580
3.5350  0.0616
3.5400  0.0646
3.5450  0.0676
3.5500  0.0706
3.5550  0.0728
3.5600  0.0737
3.5650  0.0732
3.5700  0.0735
3.5750  0.0760
3.5800  0.0811
3.5850  0.0850
3.5900  0.0897
3.5950  0.0930
3.6000  0.0951
3.6050  0.0973
3.6100  0.1001
3.6150  0.1023
3.6200  0.1044
3.6250  0.1044
3.6300  0.1049
3.6350  0.1075
3.6400  0.1074
3.6450  0.1083
3.6500  0.1102
3.6550  0.1104
3.6600  0.1112
3.6650  0.1117
3.6700  0.1118
3.6750  0.1114
3.6800  0.1115
3.6850  0.1121
3.6900  0.1124
3.6950  0.1107
3.7000  0.1099
3.7050  0.1082
3.7100  0.1078
3.7150  0.1056
3.7200  0.1046
3.7250  0.1032
3.7300  0.1011
3.7350  0.0991
3.7400  0.0966
3.7450  0.0935
3.7500  0.0930
3.7550  0.0915
3.7600  0.0880
3.7650  0.0862
3.7700  0.0835
3.7750  0.0808
3.7800  0.0761
3.7850  0.0714
3.7900  0.0659
3.7950  0.0605
3.8000  0.0555
3.8050  0.0531
3.8100  0.0519
3.8150  0.0514
3.8200  0.0481
3.8250  0.0464
3.8300  0.0461
3.8350  0.0471
3.8400  0.0457
3.8450  0.0451
3.8500  0.0450
3.8550  0.0445
3.8600  0.0451
3.8650  0.0450
3.8700  0.0449
3.8750  0.0449
3.8800  0.0444
3.8850  0.0440
3.8900  0.0435
3.8950  0.0436
3.9000  0.0433
3.9050  0.0441
3.9100  0.0429
3.9150  0.0430
3.9200  0.0428
3.9250  0.0417
3.9300  0.0416
3.9350  0.0409
3.9400  0.0404
3.9450  0.0406
3.9500  0.0377
3.9550  0.0371
3.9600  0.0367
3.9650  0.0364
3.9700  0.0366
3.9750  0.0375
3.9800  0.0367
3.9850  0.0374
3.9900  0.0386
3.9950  0.0406
4.0000  0.0416
