0.4000
4.0000
LimestoneWhite                      
0.4000  0.5502
0.4010  0.5530
0.4020  0.5540
0.4030  0.5558
0.4040  0.5558
0.4050  0.5555
0.4060  0.5577
0.4070  0.5575
0.4080  0.5575
0.4090  0.5565
0.4100  0.5595
0.4110  0.5610
0.4120  0.5608
0.4130  0.5615
0.4140  0.5627
0.4150  0.5652
0.4160  0.5623
0.4170  0.5658
0.4180  0.5667
0.4190  0.5670
0.4200  0.5652
0.4210  0.5690
0.4220  0.5702
0.4230  0.5710
0.4240  0.5692
0.4250  0.5738
0.4260  0.5740
0.4270  0.5725
0.4280  0.5763
0.4290  0.5767
0.4300  0.5782
0.4310  0.5780
0.4320  0.5782
0.4330  0.5828
0.4340  0.5813
0.4350  0.5832
0.4360  0.5838
0.4370  0.5865
0.4380  0.5832
0.4390  0.5853
0.4400  0.5878
0.4410  0.5882
0.4420  0.5905
0.4430  0.5875
0.4440  0.5880
0.4450  0.5907
0.4460  0.5900
0.4470  0.5905
0.4480  0.5880
0.4490  0.5905
0.4500  0.5938
0.4510  0.5905
0.4520  0.5913
0.4530  0.5930
0.4540  0.5940
0.4550  0.5935
0.4560  0.5962
0.4570  0.5930
0.4580  0.5945
0.4590  0.5915
0.4600  0.5957
0.4610  0.5938
0.4620  0.5955
0.4630  0.5955
0.4640  0.5965
0.4650  0.5953
0.4660  0.5978
0.4670  0.5982
0.4680  0.6005
0.4690  0.6003
0.4700  0.5990
0.4710  0.5985
0.4720  0.5985
0.4730  0.5972
0.4740  0.6018
0.4750  0.6012
0.4760  0.6003
0.4770  0.5995
0.4780  0.6012
0.4790  0.6018
0.4800  0.6008
0.4810  0.6018
0.4820  0.6050
0.4830  0.6045
0.4840  0.6037
0.4850  0.6080
0.4860  0.6053
0.4870  0.6047
0.4880  0.6015
0.4890  0.6012
0.4900  0.6070
0.4910  0.6047
0.4920  0.6018
0.4930  0.6028
0.4940  0.6100
0.4950  0.6083
0.4960  0.6105
0.4970  0.6135
0.4980  0.6150
0.4990  0.6125
0.5000  0.6110
0.5010  0.6122
0.5020  0.6155
0.5030  0.6135
0.5040  0.6127
0.5050  0.6125
0.5060  0.6148
0.5070  0.6173
0.5080  0.6145
0.5090  0.6135
0.5100  0.6165
0.5110  0.6160
0.5120  0.6152
0.5130  0.6183
0.5140  0.6187
0.5150  0.6177
0.5160  0.6180
0.5170  0.6187
0.5180  0.6227
0.5190  0.6242
0.5200  0.6248
0.5210  0.6263
0.5220  0.6267
0.5230  0.6250
0.5240  0.6175
0.5250  0.6200
0.5260  0.6208
0.5270  0.6225
0.5280  0.6240
0.5290  0.6233
0.5300  0.6283
0.5310  0.6295
0.5320  0.6298
0.5330  0.6280
0.5340  0.6242
0.5350  0.6230
0.5360  0.6250
0.5370  0.6242
0.5380  0.6267
0.5390  0.6280
0.5400  0.6292
0.5410  0.6292
0.5420  0.6317
0.5430  0.6295
0.5440  0.6265
0.5450  0.6317
0.5460  0.6298
0.5470  0.6320
0.5480  0.6325
0.5490  0.6292
0.5500  0.6292
0.5510  0.6283
0.5520  0.6285
0.5530  0.6288
0.5540  0.6308
0.5550  0.6323
0.5560  0.6350
0.5570  0.6340
0.5580  0.6348
0.5590  0.6345
0.5600  0.6345
0.5610  0.6325
0.5620  0.6338
0.5630  0.6342
0.5640  0.6327
0.5650  0.6340
0.5660  0.6360
0.5670  0.6363
0.5680  0.6370
0.5690  0.6407
0.5700  0.6392
0.5710  0.6415
0.5720  0.6460
0.5730  0.6430
0.5740  0.6438
0.5750  0.6460
0.5760  0.6463
0.5770  0.6457
0.5780  0.6432
0.5790  0.6428
0.5800  0.6438
0.5810  0.6405
0.5820  0.6440
0.5830  0.6450
0.5840  0.6445
0.5850  0.6438
0.5860  0.6457
0.5870  0.6420
0.5880  0.6467
0.5890  0.6447
0.5900  0.6460
0.5910  0.6455
0.5920  0.6445
0.5930  0.6472
0.5940  0.6423
0.5950  0.6430
0.5960  0.6438
0.5970  0.6442
0.5980  0.6435
0.5990  0.6400
0.6000  0.6417
0.6010  0.6410
0.6020  0.6417
0.6030  0.6407
0.6040  0.6413
0.6050  0.6410
0.6060  0.6410
0.6070  0.6432
0.6080  0.6430
0.6090  0.6430
0.6100  0.6420
0.6110  0.6435
0.6120  0.6455
0.6130  0.6455
0.6140  0.6435
0.6150  0.6403
0.6160  0.6382
0.6170  0.6390
0.6180  0.6407
0.6190  0.6400
0.6200  0.6405
0.6210  0.6430
0.6220  0.6445
0.6230  0.6470
0.6240  0.6460
0.6250  0.6428
0.6260  0.6413
0.6270  0.6420
0.6280  0.6398
0.6290  0.6425
0.6300  0.6463
0.6310  0.6463
0.6320  0.6478
0.6330  0.6497
0.6340  0.6460
0.6350  0.6457
0.6360  0.6430
0.6370  0.6455
0.6380  0.6453
0.6390  0.6457
0.6400  0.6445
0.6410  0.6472
0.6420  0.6467
0.6430  0.6463
0.6440  0.6430
0.6450  0.6405
0.6460  0.6440
0.6470  0.6440
0.6480  0.6423
0.6490  0.6438
0.6500  0.6428
0.6510  0.6447
0.6520  0.6447
0.6530  0.6453
0.6540  0.6460
0.6550  0.6490
0.6560  0.6485
0.6570  0.6492
0.6580  0.6520
0.6590  0.6510
0.6600  0.6485
0.6610  0.6460
0.6620  0.6457
0.6630  0.6453
0.6640  0.6455
0.6650  0.6457
0.6660  0.6457
0.6670  0.6467
0.6680  0.6490
0.6690  0.6475
0.6700  0.6453
0.6710  0.6440
0.6720  0.6425
0.6730  0.6435
0.6740  0.6467
0.6750  0.6465
0.6760  0.6470
0.6770  0.6465
0.6780  0.6478
0.6790  0.6485
0.6800  0.6497
0.6810  0.6490
0.6820  0.6500
0.6830  0.6450
0.6840  0.6482
0.6850  0.6492
0.6860  0.6445
0.6870  0.6478
0.6880  0.6482
0.6890  0.6472
0.6900  0.6513
0.6910  0.6497
0.6920  0.6480
0.6930  0.6513
0.6940  0.6518
0.6950  0.6513
0.6960  0.6528
0.6970  0.6540
0.6980  0.6568
0.6990  0.6490
0.7000  0.6475
0.7010  0.6500
0.7020  0.6525
0.7030  0.6515
0.7040  0.6518
0.7050  0.6525
0.7060  0.6520
0.7070  0.6513
0.7080  0.6515
0.7090  0.6522
0.7100  0.6540
0.7110  0.6553
0.7120  0.6520
0.7130  0.6522
0.7140  0.6488
0.7150  0.6497
0.7160  0.6492
0.7170  0.6505
0.7180  0.6520
0.7190  0.6535
0.7200  0.6547
0.7210  0.6530
0.7220  0.6538
0.7230  0.6540
0.7240  0.6550
0.7250  0.6543
0.7260  0.6557
0.7270  0.6557
0.7280  0.6568
0.7290  0.6543
0.7300  0.6538
0.7310  0.6515
0.7320  0.6522
0.7330  0.6538
0.7340  0.6553
0.7350  0.6547
0.7360  0.6575
0.7370  0.6550
0.7380  0.6555
0.7390  0.6572
0.7400  0.6560
0.7410  0.6557
0.7420  0.6572
0.7430  0.6540
0.7440  0.6535
0.7450  0.6535
0.7460  0.6550
0.7470  0.6560
0.7480  0.6553
0.7490  0.6560
0.7500  0.6572
0.7510  0.6570
0.7520  0.6565
0.7530  0.6565
0.7540  0.6557
0.7550  0.6540
0.7560  0.6550
0.7570  0.6540
0.7580  0.6553
0.7590  0.6570
0.7600  0.6553
0.7610  0.6565
0.7620  0.6565
0.7630  0.6585
0.7640  0.6575
0.7650  0.6570
0.7660  0.6555
0.7670  0.6547
0.7680  0.6572
0.7690  0.6578
0.7700  0.6568
0.7710  0.6555
0.7720  0.6568
0.7730  0.6555
0.7740  0.6570
0.7750  0.6560
0.7760  0.6555
0.7770  0.6562
0.7780  0.6570
0.7790  0.6572
0.7800  0.6560
0.7810  0.6582
0.7820  0.6593
0.7830  0.6572
0.7840  0.6535
0.7850  0.6507
0.7860  0.6545
0.7870  0.6593
0.7880  0.6562
0.7890  0.6560
0.7900  0.6562
0.7910  0.6545
0.7920  0.6580
0.7930  0.6557
0.7940  0.6540
0.7950  0.6543
0.7960  0.6538
0.7970  0.6560
0.7980  0.6525
0.7990  0.6525
0.8000  0.6560
0.8010  0.6581
0.8020  0.6585
0.8030  0.6580
0.8040  0.6572
0.8050  0.6567
0.8060  0.6564
0.8070  0.6563
0.8080  0.6562
0.8090  0.6562
0.8100  0.6561
0.8110  0.6559
0.8120  0.6557
0.8130  0.6556
0.8140  0.6553
0.8150  0.6551
0.8160  0.6547
0.8170  0.6542
0.8180  0.6537
0.8190  0.6534
0.8200  0.6532
0.8210  0.6536
0.8220  0.6541
0.8230  0.6546
0.8240  0.6550
0.8250  0.6551
0.8260  0.6551
0.8270  0.6550
0.8280  0.6550
0.8290  0.6551
0.8300  0.6553
0.8310  0.6555
0.8320  0.6557
0.8330  0.6562
0.8340  0.6565
0.8350  0.6566
0.8360  0.6565
0.8370  0.6557
0.8380  0.6548
0.8390  0.6541
0.8400  0.6538
0.8410  0.6544
0.8420  0.6554
0.8430  0.6564
0.8440  0.6572
0.8450  0.6577
0.8460  0.6577
0.8470  0.6574
0.8480  0.6570
0.8490  0.6562
0.8500  0.6556
0.8510  0.6551
0.8520  0.6550
0.8530  0.6557
0.8540  0.6566
0.8550  0.6574
0.8560  0.6580
0.8570  0.6579
0.8580  0.6575
0.8590  0.6570
0.8600  0.6565
0.8610  0.6562
0.8620  0.6561
0.8630  0.6562
0.8640  0.6565
0.8650  0.6572
0.8660  0.6579
0.8670  0.6584
0.8680  0.6587
0.8690  0.6585
0.8700  0.6581
0.8710  0.6576
0.8720  0.6572
0.8730  0.6573
0.8740  0.6576
0.8750  0.6580
0.8760  0.6582
0.8770  0.6583
0.8780  0.6582
0.8790  0.6580
0.8800  0.6578
0.8810  0.6575
0.8820  0.6573
0.8830  0.6572
0.8840  0.6572
0.8850  0.6576
0.8860  0.6579
0.8870  0.6583
0.8880  0.6585
0.8890  0.6584
0.8900  0.6583
0.8910  0.6581
0.8920  0.6580
0.8930  0.6583
0.8940  0.6586
0.8950  0.6589
0.8960  0.6590
0.8970  0.6587
0.8980  0.6583
0.8990  0.6579
0.9000  0.6575
0.9010  0.6573
0.9020  0.6572
0.9030  0.6573
0.9040  0.6575
0.9050  0.6578
0.9060  0.6581
0.9070  0.6584
0.9080  0.6585
0.9090  0.6586
0.9100  0.6586
0.9110  0.6584
0.9120  0.6580
0.9130  0.6572
0.9140  0.6564
0.9150  0.6557
0.9160  0.6553
0.9170  0.6553
0.9180  0.6557
0.9190  0.6561
0.9200  0.6565
0.9210  0.6567
0.9220  0.6568
0.9230  0.6568
0.9240  0.6568
0.9250  0.6566
0.9260  0.6566
0.9270  0.6566
0.9280  0.6568
0.9290  0.6571
0.9300  0.6576
0.9310  0.6580
0.9320  0.6582
0.9330  0.6583
0.9340  0.6583
0.9350  0.6581
0.9360  0.6580
0.9370  0.6579
0.9380  0.6578
0.9390  0.6578
0.9400  0.6578
0.9410  0.6578
0.9420  0.6578
0.9430  0.6579
0.9440  0.6580
0.9450  0.6583
0.9460  0.6585
0.9470  0.6587
0.9480  0.6587
0.9490  0.6587
0.9500  0.6584
0.9510  0.6581
0.9520  0.6578
0.9530  0.6571
0.9540  0.6566
0.9550  0.6563
0.9560  0.6562
0.9570  0.6567
0.9580  0.6574
0.9590  0.6581
0.9600  0.6587
0.9610  0.6591
0.9620  0.6593
0.9630  0.6594
0.9640  0.6595
0.9650  0.6597
0.9660  0.6601
0.9670  0.6604
0.9680  0.6607
0.9690  0.6612
0.9700  0.6615
0.9710  0.6617
0.9720  0.6618
0.9730  0.6617
0.9740  0.6615
0.9750  0.6611
0.9760  0.6605
0.9770  0.6594
0.9780  0.6584
0.9790  0.6576
0.9800  0.6572
0.9810  0.6577
0.9820  0.6586
0.9830  0.6595
0.9840  0.6603
0.9850  0.6604
0.9860  0.6604
0.9870  0.6601
0.9880  0.6600
0.9890  0.6600
0.9900  0.6602
0.9910  0.6605
0.9920  0.6610
0.9930  0.6617
0.9940  0.6624
0.9950  0.6630
0.9960  0.6635
0.9970  0.6639
0.9980  0.6641
0.9990  0.6641
1.0000  0.6640
1.0010  0.6635
1.0020  0.6630
1.0030  0.6625
1.0040  0.6622
1.0050  0.6622
1.0060  0.6624
1.0070  0.6627
1.0080  0.6630
1.0090  0.6633
1.0100  0.6635
1.0110  0.6637
1.0120  0.6640
1.0130  0.6644
1.0140  0.6648
1.0150  0.6652
1.0160  0.6655
1.0170  0.6656
1.0180  0.6657
1.0190  0.6656
1.0200  0.6655
1.0210  0.6653
1.0220  0.6652
1.0230  0.6651
1.0240  0.6650
1.0250  0.6651
1.0260  0.6652
1.0270  0.6652
1.0280  0.6653
1.0290  0.6650
1.0300  0.6647
1.0310  0.6645
1.0320  0.6645
1.0330  0.6650
1.0340  0.6656
1.0350  0.6662
1.0360  0.6668
1.0370  0.6670
1.0380  0.6671
1.0390  0.6671
1.0400  0.6670
1.0410  0.6667
1.0420  0.6665
1.0430  0.6664
1.0440  0.6665
1.0450  0.6671
1.0460  0.6678
1.0470  0.6684
1.0480  0.6687
1.0490  0.6684
1.0500  0.6679
1.0510  0.6674
1.0520  0.6672
1.0530  0.6677
1.0540  0.6685
1.0550  0.6693
1.0560  0.6700
1.0570  0.6702
1.0580  0.6703
1.0590  0.6702
1.0600  0.6702
1.0610  0.6705
1.0620  0.6710
1.0630  0.6715
1.0640  0.6720
1.0650  0.6726
1.0660  0.6732
1.0670  0.6736
1.0680  0.6737
1.0690  0.6736
1.0700  0.6732
1.0710  0.6729
1.0720  0.6727
1.0730  0.6730
1.0740  0.6733
1.0750  0.6736
1.0760  0.6737
1.0770  0.6736
1.0780  0.6733
1.0790  0.6729
1.0800  0.6725
1.0810  0.6722
1.0820  0.6720
1.0830  0.6719
1.0840  0.6720
1.0850  0.6722
1.0860  0.6724
1.0870  0.6727
1.0880  0.6730
1.0890  0.6733
1.0900  0.6736
1.0910  0.6739
1.0920  0.6743
1.0930  0.6748
1.0940  0.6754
1.0950  0.6759
1.0960  0.6762
1.0970  0.6764
1.0980  0.6764
1.0990  0.6764
1.1000  0.6765
1.1010  0.6767
1.1020  0.6770
1.1030  0.6774
1.1040  0.6777
1.1050  0.6782
1.1060  0.6786
1.1070  0.6789
1.1080  0.6790
1.1090  0.6788
1.1100  0.6784
1.1110  0.6780
1.1120  0.6777
1.1130  0.6777
1.1140  0.6778
1.1150  0.6779
1.1160  0.6780
1.1170  0.6779
1.1180  0.6777
1.1190  0.6776
1.1200  0.6775
1.1210  0.6775
1.1220  0.6777
1.1230  0.6778
1.1240  0.6780
1.1250  0.6781
1.1260  0.6781
1.1270  0.6783
1.1280  0.6785
1.1290  0.6789
1.1300  0.6794
1.1310  0.6800
1.1320  0.6805
1.1330  0.6811
1.1340  0.6815
1.1350  0.6819
1.1360  0.6820
1.1370  0.6820
1.1380  0.6818
1.1390  0.6814
1.1400  0.6810
1.1410  0.6802
1.1420  0.6795
1.1430  0.6790
1.1440  0.6787
1.1450  0.6791
1.1460  0.6797
1.1470  0.6802
1.1480  0.6805
1.1490  0.6803
1.1500  0.6798
1.1510  0.6793
1.1520  0.6787
1.1530  0.6783
1.1540  0.6781
1.1550  0.6780
1.1560  0.6783
1.1570  0.6788
1.1580  0.6794
1.1590  0.6801
1.1600  0.6808
1.1610  0.6813
1.1620  0.6816
1.1630  0.6819
1.1640  0.6820
1.1650  0.6820
1.1660  0.6820
1.1670  0.6819
1.1680  0.6817
1.1690  0.6814
1.1700  0.6811
1.1710  0.6810
1.1720  0.6810
1.1730  0.6815
1.1740  0.6821
1.1750  0.6828
1.1760  0.6833
1.1770  0.6835
1.1780  0.6835
1.1790  0.6834
1.1800  0.6833
1.1810  0.6831
1.1820  0.6830
1.1830  0.6830
1.1840  0.6830
1.1850  0.6832
1.1860  0.6834
1.1870  0.6836
1.1880  0.6837
1.1890  0.6837
1.1900  0.6835
1.1910  0.6834
1.1920  0.6833
1.1930  0.6832
1.1940  0.6833
1.1950  0.6834
1.1960  0.6835
1.1970  0.6836
1.1980  0.6837
1.1990  0.6838
1.2000  0.6837
1.2010  0.6836
1.2020  0.6835
1.2030  0.6834
1.2040  0.6833
1.2050  0.6831
1.2060  0.6831
1.2070  0.6831
1.2080  0.6833
1.2090  0.6836
1.2100  0.6840
1.2110  0.6843
1.2120  0.6845
1.2130  0.6843
1.2140  0.6841
1.2150  0.6838
1.2160  0.6837
1.2170  0.6840
1.2180  0.6844
1.2190  0.6849
1.2200  0.6852
1.2210  0.6855
1.2220  0.6856
1.2230  0.6855
1.2240  0.6852
1.2250  0.6845
1.2260  0.6837
1.2270  0.6831
1.2280  0.6827
1.2290  0.6831
1.2300  0.6837
1.2310  0.6844
1.2320  0.6850
1.2330  0.6852
1.2340  0.6852
1.2350  0.6851
1.2360  0.6850
1.2370  0.6850
1.2380  0.6851
1.2390  0.6852
1.2400  0.6852
1.2410  0.6852
1.2420  0.6851
1.2430  0.6851
1.2440  0.6850
1.2450  0.6850
1.2460  0.6850
1.2470  0.6851
1.2480  0.6852
1.2490  0.6855
1.2500  0.6857
1.2510  0.6859
1.2520  0.6860
1.2530  0.6860
1.2540  0.6860
1.2550  0.6859
1.2560  0.6860
1.2570  0.6862
1.2580  0.6865
1.2590  0.6867
1.2600  0.6870
1.2610  0.6873
1.2620  0.6874
1.2630  0.6875
1.2640  0.6875
1.2650  0.6873
1.2660  0.6870
1.2670  0.6868
1.2680  0.6867
1.2690  0.6870
1.2700  0.6874
1.2710  0.6877
1.2720  0.6880
1.2730  0.6880
1.2740  0.6879
1.2750  0.6877
1.2760  0.6875
1.2770  0.6873
1.2780  0.6871
1.2790  0.6869
1.2800  0.6867
1.2810  0.6865
1.2820  0.6862
1.2830  0.6859
1.2840  0.6858
1.2850  0.6857
1.2860  0.6857
1.2870  0.6857
1.2880  0.6858
1.2890  0.6856
1.2900  0.6855
1.2910  0.6853
1.2920  0.6852
1.2930  0.6854
1.2940  0.6855
1.2950  0.6857
1.2960  0.6858
1.2970  0.6857
1.2980  0.6856
1.2990  0.6854
1.3000  0.6852
1.3010  0.6852
1.3020  0.6852
1.3030  0.6851
1.3040  0.6850
1.3050  0.6847
1.3060  0.6843
1.3070  0.6841
1.3080  0.6840
1.3090  0.6843
1.3100  0.6847
1.3110  0.6852
1.3120  0.6855
1.3130  0.6855
1.3140  0.6854
1.3150  0.6852
1.3160  0.6850
1.3170  0.6850
1.3180  0.6851
1.3190  0.6852
1.3200  0.6852
1.3210  0.6853
1.3220  0.6852
1.3230  0.6850
1.3240  0.6848
1.3250  0.6844
1.3260  0.6840
1.3270  0.6836
1.3280  0.6833
1.3290  0.6831
1.3300  0.6830
1.3310  0.6828
1.3320  0.6825
1.3330  0.6819
1.3340  0.6812
1.3350  0.6806
1.3360  0.6802
1.3370  0.6802
1.3380  0.6804
1.3390  0.6807
1.3400  0.6810
1.3410  0.6813
1.3420  0.6814
1.3430  0.6814
1.3440  0.6812
1.3450  0.6808
1.3460  0.6802
1.3470  0.6797
1.3480  0.6793
1.3490  0.6792
1.3500  0.6792
1.3510  0.6793
1.3520  0.6793
1.3530  0.6793
1.3540  0.6791
1.3550  0.6787
1.3560  0.6780
1.3570  0.6768
1.3580  0.6756
1.3590  0.6744
1.3600  0.6735
1.3610  0.6730
1.3620  0.6728
1.3630  0.6727
1.3640  0.6727
1.3650  0.6729
1.3660  0.6729
1.3670  0.6727
1.3680  0.6722
1.3690  0.6716
1.3700  0.6707
1.3710  0.6695
1.3720  0.6683
1.3730  0.6668
1.3740  0.6652
1.3750  0.6637
1.3760  0.6622
1.3770  0.6609
1.3780  0.6597
1.3790  0.6585
1.3800  0.6572
1.3810  0.6560
1.3820  0.6546
1.3830  0.6532
1.3840  0.6518
1.3850  0.6503
1.3860  0.6487
1.3870  0.6471
1.3880  0.6455
1.3890  0.6438
1.3900  0.6420
1.3910  0.6403
1.3920  0.6385
1.3930  0.6366
1.3940  0.6347
1.3950  0.6330
1.3960  0.6315
1.3970  0.6304
1.3980  0.6294
1.3990  0.6284
1.4000  0.6273
1.4010  0.6257
1.4020  0.6241
1.4030  0.6223
1.4040  0.6205
1.4050  0.6186
1.4060  0.6169
1.4070  0.6154
1.4080  0.6143
1.4090  0.6134
1.4100  0.6129
1.4110  0.6124
1.4120  0.6120
1.4130  0.6114
1.4140  0.6107
1.4150  0.6102
1.4160  0.6097
1.4170  0.6096
1.4180  0.6096
1.4190  0.6097
1.4200  0.6097
1.4210  0.6099
1.4220  0.6100
1.4230  0.6099
1.4240  0.6097
1.4250  0.6093
1.4260  0.6087
1.4270  0.6082
1.4280  0.6077
1.4290  0.6075
1.4300  0.6074
1.4310  0.6074
1.4320  0.6072
1.4330  0.6070
1.4340  0.6067
1.4350  0.6063
1.4360  0.6060
1.4370  0.6057
1.4380  0.6054
1.4390  0.6053
1.4400  0.6053
1.4410  0.6054
1.4420  0.6055
1.4430  0.6058
1.4440  0.6060
1.4450  0.6063
1.4460  0.6065
1.4470  0.6067
1.4480  0.6068
1.4490  0.6066
1.4500  0.6064
1.4510  0.6062
1.4520  0.6060
1.4530  0.6059
1.4540  0.6060
1.4550  0.6061
1.4560  0.6062
1.4570  0.6063
1.4580  0.6065
1.4590  0.6067
1.4600  0.6070
1.4610  0.6075
1.4620  0.6081
1.4630  0.6087
1.4640  0.6093
1.4650  0.6097
1.4660  0.6100
1.4670  0.6104
1.4680  0.6108
1.4690  0.6112
1.4700  0.6118
1.4710  0.6124
1.4720  0.6130
1.4730  0.6135
1.4740  0.6141
1.4750  0.6148
1.4760  0.6155
1.4770  0.6165
1.4780  0.6176
1.4790  0.6186
1.4800  0.6195
1.4810  0.6201
1.4820  0.6205
1.4830  0.6210
1.4840  0.6215
1.4850  0.6223
1.4860  0.6232
1.4870  0.6241
1.4880  0.6250
1.4890  0.6257
1.4900  0.6263
1.4910  0.6269
1.4920  0.6275
1.4930  0.6282
1.4940  0.6290
1.4950  0.6298
1.4960  0.6305
1.4970  0.6311
1.4980  0.6317
1.4990  0.6321
1.5000  0.6325
1.5010  0.6328
1.5020  0.6331
1.5030  0.6334
1.5040  0.6338
1.5050  0.6341
1.5060  0.6344
1.5070  0.6348
1.5080  0.6352
1.5090  0.6356
1.5100  0.6360
1.5110  0.6365
1.5120  0.6373
1.5130  0.6383
1.5140  0.6395
1.5150  0.6406
1.5160  0.6415
1.5170  0.6422
1.5180  0.6427
1.5190  0.6431
1.5200  0.6432
1.5210  0.6433
1.5220  0.6434
1.5230  0.6434
1.5240  0.6435
1.5250  0.6437
1.5260  0.6440
1.5270  0.6443
1.5280  0.6445
1.5290  0.6445
1.5300  0.6444
1.5310  0.6444
1.5320  0.6445
1.5330  0.6449
1.5340  0.6454
1.5350  0.6459
1.5360  0.6463
1.5370  0.6463
1.5380  0.6463
1.5390  0.6462
1.5400  0.6463
1.5410  0.6465
1.5420  0.6469
1.5430  0.6473
1.5440  0.6478
1.5450  0.6481
1.5460  0.6484
1.5470  0.6486
1.5480  0.6488
1.5490  0.6489
1.5500  0.6490
1.5510  0.6491
1.5520  0.6492
1.5530  0.6494
1.5540  0.6495
1.5550  0.6496
1.5560  0.6497
1.5570  0.6497
1.5580  0.6497
1.5590  0.6499
1.5600  0.6503
1.5610  0.6510
1.5620  0.6520
1.5630  0.6530
1.5640  0.6540
1.5650  0.6550
1.5660  0.6557
1.5670  0.6562
1.5680  0.6565
1.5690  0.6563
1.5700  0.6559
1.5710  0.6556
1.5720  0.6555
1.5730  0.6559
1.5740  0.6564
1.5750  0.6570
1.5760  0.6575
1.5770  0.6578
1.5780  0.6579
1.5790  0.6579
1.5800  0.6578
1.5810  0.6575
1.5820  0.6574
1.5830  0.6573
1.5840  0.6572
1.5850  0.6574
1.5860  0.6576
1.5870  0.6579
1.5880  0.6582
1.5890  0.6586
1.5900  0.6588
1.5910  0.6591
1.5920  0.6593
1.5930  0.6594
1.5940  0.6595
1.5950  0.6595
1.5960  0.6595
1.5970  0.6592
1.5980  0.6589
1.5990  0.6588
1.6000  0.6587
1.6010  0.6590
1.6020  0.6595
1.6030  0.6600
1.6040  0.6605
1.6050  0.6609
1.6060  0.6613
1.6070  0.6615
1.6080  0.6618
1.6090  0.6620
1.6100  0.6621
1.6110  0.6623
1.6120  0.6625
1.6130  0.6627
1.6140  0.6629
1.6150  0.6631
1.6160  0.6633
1.6170  0.6634
1.6180  0.6635
1.6190  0.6636
1.6200  0.6637
1.6210  0.6640
1.6220  0.6641
1.6230  0.6642
1.6240  0.6643
1.6250  0.6642
1.6260  0.6640
1.6270  0.6637
1.6280  0.6633
1.6290  0.6626
1.6300  0.6618
1.6310  0.6611
1.6320  0.6605
1.6330  0.6601
1.6340  0.6598
1.6350  0.6596
1.6360  0.6595
1.6370  0.6593
1.6380  0.6592
1.6390  0.6590
1.6400  0.6590
1.6410  0.6591
1.6420  0.6593
1.6430  0.6595
1.6440  0.6595
1.6450  0.6593
1.6460  0.6589
1.6470  0.6587
1.6480  0.6585
1.6490  0.6586
1.6500  0.6589
1.6510  0.6592
1.6520  0.6595
1.6530  0.6598
1.6540  0.6601
1.6550  0.6602
1.6560  0.6603
1.6570  0.6602
1.6580  0.6600
1.6590  0.6598
1.6600  0.6595
1.6610  0.6591
1.6620  0.6586
1.6630  0.6582
1.6640  0.6580
1.6650  0.6579
1.6660  0.6580
1.6670  0.6581
1.6680  0.6582
1.6690  0.6583
1.6700  0.6583
1.6710  0.6585
1.6720  0.6587
1.6730  0.6595
1.6740  0.6603
1.6750  0.6610
1.6760  0.6612
1.6770  0.6611
1.6780  0.6604
1.6790  0.6596
1.6800  0.6585
1.6810  0.6571
1.6820  0.6558
1.6830  0.6548
1.6840  0.6540
1.6850  0.6537
1.6860  0.6537
1.6870  0.6539
1.6880  0.6540
1.6890  0.6542
1.6900  0.6542
1.6910  0.6540
1.6920  0.6535
1.6930  0.6525
1.6940  0.6513
1.6950  0.6502
1.6960  0.6492
1.6970  0.6487
1.6980  0.6485
1.6990  0.6483
1.7000  0.6482
1.7020  0.6478
1.7050  0.6473
1.7100  0.6440
1.7150  0.6405
1.7200  0.6375
1.7250  0.6373
1.7300  0.6369
1.7350  0.6360
1.7400  0.6313
1.7450  0.6324
1.7500  0.6349
1.7550  0.6369
1.7600  0.6398
1.7650  0.6445
1.7700  0.6450
1.7750  0.6428
1.7800  0.6395
1.7850  0.6384
1.7900  0.6362
1.7950  0.6348
1.8000  0.6320
1.8050  0.6291
1.8100  0.6250
1.8150  0.6210
1.8200  0.6133
1.8250  0.6115
1.8300  0.6018
1.8350  0.5943
1.8400  0.5885
1.8450  0.5840
1.8500  0.5732
1.8550  0.5574
1.8600  0.5375
1.8650  0.5241
1.8700  0.5181
1.8750  0.5209
1.8800  0.5205
1.8850  0.5084
1.8900  0.4964
1.8950  0.4857
1.9000  0.4742
1.9050  0.4672
1.9100  0.4636
1.9150  0.4576
1.9200  0.4545
1.9250  0.4506
1.9300  0.4501
1.9350  0.4516
1.9400  0.4530
1.9450  0.4528
1.9500  0.4527
1.9550  0.4512
1.9600  0.4538
1.9650  0.4565
1.9700  0.4602
1.9750  0.4609
1.9800  0.4605
1.9850  0.4596
1.9900  0.4625
1.9950  0.4713
2.0000  0.4868
2.0050  0.4978
2.0100  0.5064
2.0150  0.5190
2.0200  0.5238
2.0250  0.5305
2.0300  0.5384
2.0350  0.5402
2.0400  0.5462
2.0450  0.5564
2.0500  0.5564
2.0550  0.5554
2.0600  0.5587
2.0650  0.5611
2.0700  0.5642
2.0750  0.5652
2.0800  0.5635
2.0850  0.5616
2.0900  0.5597
2.0950  0.5574
2.1000  0.5565
2.1050  0.5708
2.1100  0.5650
2.1150  0.5647
2.1200  0.5598
2.1250  0.5562
2.1300  0.5566
2.1350  0.5449
2.1400  0.5350
2.1450  0.5196
2.1500  0.5106
2.1550  0.5058
2.1600  0.5090
2.1650  0.5125
2.1700  0.5213
2.1750  0.5306
2.1800  0.5364
2.1850  0.5430
2.1900  0.5421
2.1950  0.5394
2.2000  0.5364
2.2050  0.5318
2.2100  0.5200
2.2150  0.5135
2.2200  0.5073
2.2250  0.4986
2.2300  0.4868
2.2350  0.4718
2.2400  0.4623
2.2450  0.4467
2.2500  0.4343
2.2550  0.4226
2.2600  0.4064
2.2650  0.3911
2.2700  0.3772
2.2750  0.3588
2.2800  0.3432
2.2850  0.3268
2.2900  0.3137
2.2950  0.3050
2.3000  0.3006
2.3050  0.2934
2.3100  0.2880
2.3150  0.2808
2.3200  0.2730
2.3250  0.2652
2.3300  0.2539
2.3350  0.2451
2.3400  0.2421
2.3450  0.2490
2.3500  0.2628
2.3550  0.2846
2.3600  0.3181
2.3650  0.3518
2.3700  0.3774
2.3750  0.3998
2.3800  0.4180
2.3850  0.4248
2.3900  0.4291
2.3950  0.4245
2.4000  0.4170
2.4050  0.4181
2.4100  0.4184
2.4150  0.4113
2.4200  0.4014
2.4250  0.3877
2.4300  0.3764
2.4350  0.3609
2.4400  0.3486
2.4450  0.3338
2.4500  0.3228
2.4550  0.3080
2.4600  0.2918
2.4650  0.2756
2.4700  0.2607
2.4750  0.2431
2.4800  0.2334
2.4850  0.2254
2.4900  0.2195
2.4950  0.2154
2.5000  0.2134
2.5050  0.2101
2.5100  0.2073
2.5150  0.2028
2.5200  0.1950
2.5250  0.1846
2.5300  0.1773
2.5350  0.1717
2.5400  0.1761
2.5450  0.1888
2.5500  0.2069
2.5550  0.2335
2.5600  0.2613
2.5650  0.2851
2.5700  0.3029
2.5750  0.3161
2.5800  0.3252
2.5850  0.3351
2.5900  0.3482
2.5950  0.3599
2.6000  0.3675
2.6050  0.3720
2.6100  0.3746
2.6150  0.3777
2.6200  0.3769
2.6250  0.3746
2.6300  0.3745
2.6350  0.3727
2.6400  0.3698
2.6450  0.3658
2.6500  0.3609
2.6550  0.3563
2.6600  0.3480
2.6650  0.3424
2.6700  0.3328
2.6750  0.3235
2.6800  0.3127
2.6850  0.2980
2.6900  0.2822
2.6950  0.2638
2.7000  0.2439
2.7050  0.2250
2.7100  0.2086
2.7150  0.1904
2.7200  0.1623
2.7250  0.1671
2.7300  0.1573
2.7350  0.1513
2.7400  0.1441
2.7450  0.1378
2.7500  0.1335
2.7550  0.1280
2.7600  0.1239
2.7650  0.1199
2.7700  0.1162
2.7750  0.1115
2.7800  0.1068
2.7850  0.1043
2.7900  0.1024
2.7950  0.1039
2.8000  0.1031
2.8050  0.1022
2.8100  0.1009
2.8150  0.1013
2.8200  0.1011
2.8250  0.0989
2.8300  0.0971
2.8350  0.0964
2.8400  0.0954
2.8450  0.0950
2.8500  0.0935
2.8550  0.0912
2.8600  0.0903
2.8650  0.0893
2.8700  0.0889
2.8750  0.0882
2.8800  0.0881
2.8850  0.0865
2.8900  0.0866
2.8950  0.0844
2.9000  0.0842
2.9050  0.0846
2.9100  0.0836
2.9150  0.0833
2.9200  0.0834
2.9250  0.0819
2.9300  0.0820
2.9350  0.0815
2.9400  0.0812
2.9450  0.0815
2.9500  0.0818
2.9550  0.0815
2.9600  0.0813
2.9650  0.0814
2.9700  0.0823
2.9750  0.0805
2.9800  0.0814
2.9850  0.0825
2.9900  0.0830
2.9950  0.0823
3.0000  0.0824
3.0050  0.0823
3.0100  0.0834
3.0150  0.0838
3.0200  0.0829
3.0250  0.0838
3.0300  0.0838
3.0350  0.0839
3.0400  0.0837
3.0450  0.0838
3.0500  0.0836
3.0550  0.0840
3.0600  0.0841
3.0650  0.0839
3.0700  0.0846
3.0750  0.0848
3.0800  0.0852
3.0850  0.0851
3.0900  0.0847
3.0950  0.0853
3.1000  0.0846
3.1050  0.0847
3.1100  0.0849
3.1150  0.0864
3.1200  0.0875
3.1250  0.0883
3.1300  0.0887
3.1350  0.0896
3.1400  0.0900
3.1450  0.0894
3.1500  0.0910
3.1550  0.0914
3.1600  0.0931
3.1650  0.0946
3.1700  0.0959
3.1750  0.0980
3.1800  0.0983
3.1850  0.0994
3.1900  0.1003
3.1950  0.1008
3.2000  0.1015
3.2050  0.1019
3.2100  0.1022
3.2150  0.1029
3.2200  0.1028
3.2250  0.1030
3.2300  0.1031
3.2350  0.1032
3.2400  0.1030
3.2450  0.1031
3.2500  0.1028
3.2550  0.1030
3.2600  0.1032
3.2650  0.1020
3.2700  0.1016
3.2750  0.1011
3.2800  0.0997
3.2850  0.0987
3.2900  0.0970
3.2950  0.0949
3.3000  0.0925
3.3050  0.0913
3.3100  0.0886
3.3150  0.0870
3.3200  0.0846
3.3250  0.0809
3.3300  0.0765
3.3350  0.0704
3.3400  0.0635
3.3450  0.0589
3.3500  0.0575
3.3550  0.0577
3.3600  0.0583
3.3650  0.0589
3.3700  0.0588
3.3750  0.0582
3.3800  0.0582
3.3850  0.0580
3.3900  0.0579
3.3950  0.0581
3.4000  0.0574
3.4050  0.0570
3.4100  0.0564
3.4150  0.0563
3.4200  0.0562
3.4250  0.0565
3.4300  0.0565
3.4350  0.0578
3.4400  0.0577
3.4450  0.0577
3.4500  0.0576
3.4550  0.0573
3.4600  0.0561
3.4650  0.0542
3.4700  0.0525
3.4750  0.0519
3.4800  0.0523
3.4850  0.0529
3.4900  0.0546
3.4950  0.0556
3.5000  0.0560
3.5050  0.0567
3.5100  0.0593
3.5150  0.0620
3.5200  0.0667
3.5250  0.0705
3.5300  0.0756
3.5350  0.0801
3.5400  0.0838
3.5450  0.0876
3.5500  0.0905
3.5550  0.0931
3.5600  0.0945
3.5650  0.0951
3.5700  0.0946
3.5750  0.0981
3.5800  0.1027
3.5850  0.1075
3.5900  0.1117
3.5950  0.1150
3.6000  0.1179
3.6050  0.1207
3.6100  0.1230
3.6150  0.1244
3.6200  0.1261
3.6250  0.1270
3.6300  0.1290
3.6350  0.1301
3.6400  0.1312
3.6450  0.1322
3.6500  0.1334
3.6550  0.1338
3.6600  0.1343
3.6650  0.1350
3.6700  0.1359
3.6750  0.1359
3.6800  0.1356
3.6850  0.1356
3.6900  0.1346
3.6950  0.1343
3.7000  0.1341
3.7050  0.1327
3.7100  0.1320
3.7150  0.1310
3.7200  0.1296
3.7250  0.1274
3.7300  0.1254
3.7350  0.1237
3.7400  0.1201
3.7450  0.1173
3.7500  0.1158
3.7550  0.1145
3.7600  0.1120
3.7650  0.1092
3.7700  0.1059
3.7750  0.1027
3.7800  0.0984
3.7850  0.0934
3.7900  0.0871
3.7950  0.0812
3.8000  0.0756
3.8050  0.0718
3.8100  0.0692
3.8150  0.0678
3.8200  0.0663
3.8250  0.0645
3.8300  0.0628
3.8350  0.0614
3.8400  0.0607
3.8450  0.0597
3.8500  0.0593
3.8550  0.0590
3.8600  0.0589
3.8650  0.0579
3.8700  0.0575
3.8750  0.0577
3.8800  0.0574
3.8850  0.0572
3.8900  0.0570
3.8950  0.0569
3.9000  0.0561
3.9050  0.0557
3.9100  0.0552
3.9150  0.0549
3.9200  0.0543
3.9250  0.0533
3.9300  0.0535
3.9350  0.0524
3.9400  0.0508
3.9450  0.0489
3.9500  0.0477
3.9550  0.0461
3.9600  0.0452
3.9650  0.0448
3.9700  0.0449
3.9750  0.0452
3.9800  0.0457
3.9850  0.0470
3.9900  0.0483
3.9950  0.0501
4.0000  0.0520
