0.3000
4.0000
RedBrick                            
0.3000  0.0280
0.3005  0.0280
0.3010  0.0280
0.3015  0.0280
0.3020  0.0280
0.3025  0.0280
0.3030  0.0280
0.3035  0.0280
0.3040  0.0280
0.3045  0.0280
0.3050  0.0280
0.3055  0.0280
0.3060  0.0280
0.3065  0.0280
0.3070  0.0280
0.3075  0.0280
0.3080  0.0280
0.3085  0.0279
0.3090  0.0279
0.3095  0.0279
0.3100  0.0280
0.3105  0.0282
0.3110  0.0285
0.3115  0.0288
0.3120  0.0290
0.3125  0.0291
0.3130  0.0291
0.3135  0.0290
0.3140  0.0290
0.3145  0.0290
0.3150  0.0290
0.3155  0.0290
0.3160  0.0290
0.3165  0.0291
0.3170  0.0291
0.3175  0.0291
0.3180  0.0290
0.3185  0.0288
0.3190  0.0285
0.3195  0.0282
0.3200  0.0280
0.3205  0.0279
0.3210  0.0278
0.3215  0.0279
0.3220  0.0280
0.3225  0.0283
0.3230  0.0285
0.3235  0.0288
0.3240  0.0290
0.3245  0.0291
0.3250  0.0291
0.3255  0.0290
0.3260  0.0290
0.3265  0.0290
0.3270  0.0290
0.3275  0.0290
0.3280  0.0290
0.3285  0.0290
0.3290  0.0290
0.3295  0.0290
0.3300  0.0290
0.3305  0.0290
0.3310  0.0290
0.3315  0.0290
0.3320  0.0290
0.3325  0.0290
0.3330  0.0290
0.3335  0.0290
0.3340  0.0290
0.3345  0.0290
0.3350  0.0290
0.3355  0.0290
0.3360  0.0290
0.3365  0.0290
0.3370  0.0290
0.3375  0.0290
0.3380  0.0290
0.3385  0.0290
0.3390  0.0290
0.3395  0.0290
0.3400  0.0290
0.3405  0.0290
0.3410  0.0290
0.3415  0.0290
0.3420  0.0290
0.3425  0.0289
0.3430  0.0289
0.3435  0.0289
0.3440  0.0290
0.3445  0.0292
0.3450  0.0295
0.3455  0.0298
0.3460  0.0300
0.3465  0.0301
0.3470  0.0301
0.3475  0.0300
0.3480  0.0300
0.3485  0.0300
0.3490  0.0300
0.3495  0.0300
0.3500  0.0300
0.3505  0.0300
0.3510  0.0300
0.3515  0.0300
0.3520  0.0300
0.3525  0.0300
0.3530  0.0300
0.3535  0.0300
0.3540  0.0300
0.3545  0.0300
0.3550  0.0300
0.3555  0.0300
0.3560  0.0300
0.3565  0.0300
0.3570  0.0300
0.3575  0.0300
0.3580  0.0300
0.3585  0.0300
0.3590  0.0300
0.3595  0.0300
0.3600  0.0300
0.3605  0.0299
0.3610  0.0299
0.3615  0.0299
0.3620  0.0300
0.3625  0.0302
0.3630  0.0305
0.3635  0.0308
0.3640  0.0310
0.3645  0.0311
0.3650  0.0311
0.3655  0.0310
0.3660  0.0310
0.3665  0.0310
0.3670  0.0310
0.3675  0.0310
0.3680  0.0310
0.3685  0.0310
0.3690  0.0310
0.3695  0.0310
0.3700  0.0310
0.3705  0.0310
0.3710  0.0310
0.3715  0.0310
0.3720  0.0310
0.3725  0.0310
0.3730  0.0310
0.3735  0.0310
0.3740  0.0310
0.3745  0.0309
0.3750  0.0309
0.3755  0.0309
0.3760  0.0310
0.3765  0.0312
0.3770  0.0315
0.3775  0.0318
0.3780  0.0320
0.3785  0.0321
0.3790  0.0321
0.3795  0.0320
0.3800  0.0320
0.3805  0.0320
0.3810  0.0320
0.3815  0.0320
0.3820  0.0320
0.3825  0.0320
0.3830  0.0320
0.3835  0.0320
0.3840  0.0320
0.3845  0.0320
0.3850  0.0320
0.3855  0.0320
0.3860  0.0320
0.3865  0.0320
0.3870  0.0320
0.3875  0.0320
0.3880  0.0320
0.3885  0.0319
0.3890  0.0319
0.3895  0.0319
0.3900  0.0320
0.3905  0.0322
0.3910  0.0325
0.3915  0.0328
0.3920  0.0330
0.3925  0.0331
0.3930  0.0331
0.3935  0.0330
0.3940  0.0330
0.3945  0.0330
0.3950  0.0330
0.3955  0.0330
0.3960  0.0330
0.3965  0.0330
0.3970  0.0330
0.3975  0.0330
0.3980  0.0330
0.3985  0.0330
0.3990  0.0330
0.3995  0.0330
0.4000  0.0330
0.4010  0.0329
0.4020  0.0330
0.4030  0.0335
0.4040  0.0340
0.4050  0.0341
0.4060  0.0340
0.4070  0.0340
0.4080  0.0340
0.4090  0.0340
0.4100  0.0340
0.4110  0.0340
0.4120  0.0340
0.4130  0.0339
0.4140  0.0340
0.4150  0.0345
0.4160  0.0350
0.4170  0.0351
0.4180  0.0350
0.4190  0.0350
0.4200  0.0350
0.4210  0.0350
0.4220  0.0350
0.4230  0.0349
0.4240  0.0350
0.4250  0.0355
0.4260  0.0360
0.4270  0.0361
0.4280  0.0360
0.4290  0.0360
0.4300  0.0360
0.4310  0.0359
0.4320  0.0360
0.4330  0.0365
0.4340  0.0370
0.4350  0.0371
0.4360  0.0370
0.4370  0.0370
0.4380  0.0370
0.4390  0.0369
0.4400  0.0370
0.4410  0.0375
0.4420  0.0380
0.4430  0.0381
0.4440  0.0380
0.4450  0.0380
0.4460  0.0380
0.4470  0.0379
0.4480  0.0380
0.4490  0.0385
0.4500  0.0390
0.4510  0.0391
0.4520  0.0390
0.4530  0.0390
0.4540  0.0390
0.4550  0.0390
0.4560  0.0390
0.4570  0.0389
0.4580  0.0390
0.4590  0.0395
0.4600  0.0400
0.4610  0.0401
0.4620  0.0400
0.4630  0.0400
0.4640  0.0400
0.4650  0.0400
0.4660  0.0400
0.4670  0.0400
0.4680  0.0400
0.4690  0.0399
0.4700  0.0400
0.4710  0.0405
0.4720  0.0410
0.4730  0.0411
0.4740  0.0410
0.4750  0.0410
0.4760  0.0410
0.4770  0.0410
0.4780  0.0410
0.4790  0.0409
0.4800  0.0410
0.4810  0.0415
0.4820  0.0420
0.4830  0.0421
0.4840  0.0420
0.4850  0.0420
0.4860  0.0420
0.4870  0.0419
0.4880  0.0420
0.4890  0.0425
0.4900  0.0430
0.4910  0.0431
0.4920  0.0430
0.4930  0.0429
0.4940  0.0430
0.4950  0.0435
0.4960  0.0440
0.4970  0.0441
0.4980  0.0440
0.4990  0.0439
0.5000  0.0440
0.5010  0.0445
0.5020  0.0450
0.5030  0.0450
0.5040  0.0450
0.5050  0.0455
0.5060  0.0460
0.5070  0.0461
0.5080  0.0460
0.5090  0.0459
0.5100  0.0460
0.5110  0.0465
0.5120  0.0470
0.5130  0.0471
0.5140  0.0470
0.5150  0.0469
0.5160  0.0470
0.5170  0.0475
0.5180  0.0480
0.5190  0.0480
0.5200  0.0480
0.5210  0.0485
0.5220  0.0490
0.5230  0.0490
0.5240  0.0490
0.5250  0.0494
0.5260  0.0500
0.5270  0.0506
0.5280  0.0510
0.5290  0.0510
0.5300  0.0510
0.5310  0.0514
0.5320  0.0520
0.5330  0.0525
0.5340  0.0530
0.5350  0.0535
0.5360  0.0540
0.5370  0.0544
0.5380  0.0550
0.5390  0.0560
0.5400  0.0570
0.5410  0.0575
0.5420  0.0580
0.5430  0.0590
0.5440  0.0600
0.5450  0.0605
0.5460  0.0610
0.5470  0.0618
0.5480  0.0630
0.5490  0.0645
0.5500  0.0660
0.5510  0.0671
0.5520  0.0680
0.5530  0.0689
0.5540  0.0700
0.5550  0.0714
0.5560  0.0730
0.5570  0.0744
0.5580  0.0760
0.5590  0.0780
0.5600  0.0800
0.5610  0.0815
0.5620  0.0830
0.5630  0.0849
0.5640  0.0870
0.5650  0.0890
0.5660  0.0910
0.5670  0.0930
0.5680  0.0950
0.5690  0.0969
0.5700  0.0990
0.5710  0.1014
0.5720  0.1040
0.5730  0.1066
0.5740  0.1090
0.5750  0.1110
0.5760  0.1130
0.5770  0.1154
0.5780  0.1180
0.5790  0.1206
0.5800  0.1230
0.5810  0.1250
0.5820  0.1270
0.5830  0.1295
0.5840  0.1320
0.5850  0.1340
0.5860  0.1360
0.5870  0.1385
0.5880  0.1410
0.5890  0.1432
0.5900  0.1450
0.5910  0.1465
0.5920  0.1480
0.5930  0.1499
0.5940  0.1520
0.5950  0.1541
0.5960  0.1560
0.5970  0.1576
0.5980  0.1590
0.5990  0.1606
0.6000  0.1620
0.6010  0.1630
0.6020  0.1640
0.6030  0.1655
0.6040  0.1670
0.6050  0.1681
0.6060  0.1690
0.6070  0.1700
0.6080  0.1710
0.6090  0.1721
0.6100  0.1730
0.6110  0.1735
0.6120  0.1740
0.6130  0.1750
0.6140  0.1760
0.6150  0.1765
0.6160  0.1770
0.6170  0.1780
0.6180  0.1790
0.6190  0.1796
0.6200  0.1800
0.6210  0.1805
0.6220  0.1810
0.6230  0.1815
0.6240  0.1820
0.6250  0.1825
0.6260  0.1830
0.6270  0.1835
0.6280  0.1840
0.6290  0.1846
0.6300  0.1850
0.6310  0.1850
0.6320  0.1850
0.6330  0.1854
0.6340  0.1860
0.6350  0.1865
0.6360  0.1870
0.6370  0.1875
0.6380  0.1880
0.6390  0.1885
0.6400  0.1890
0.6410  0.1896
0.6420  0.1900
0.6430  0.1900
0.6440  0.1900
0.6450  0.1904
0.6460  0.1910
0.6470  0.1915
0.6480  0.1920
0.6490  0.1925
0.6500  0.1930
0.6510  0.1935
0.6520  0.1940
0.6530  0.1945
0.6540  0.1950
0.6550  0.1955
0.6560  0.1960
0.6570  0.1965
0.6580  0.1970
0.6590  0.1975
0.6600  0.1980
0.6610  0.1984
0.6620  0.1990
0.6630  0.2000
0.6640  0.2010
0.6650  0.2016
0.6660  0.2020
0.6670  0.2025
0.6680  0.2030
0.6690  0.2034
0.6700  0.2040
0.6710  0.2050
0.6720  0.2060
0.6730  0.2066
0.6740  0.2070
0.6750  0.2074
0.6760  0.2080
0.6770  0.2090
0.6780  0.2100
0.6790  0.2105
0.6800  0.2110
0.6810  0.2120
0.6820  0.2130
0.6830  0.2135
0.6840  0.2140
0.6850  0.2150
0.6860  0.2160
0.6870  0.2165
0.6880  0.2170
0.6890  0.2179
0.6900  0.2190
0.6910  0.2201
0.6920  0.2210
0.6930  0.2215
0.6940  0.2220
0.6950  0.2229
0.6960  0.2240
0.6970  0.2250
0.6980  0.2260
0.6990  0.2271
0.7000  0.2280
0.7010  0.2285
0.7020  0.2290
0.7030  0.2299
0.7040  0.2310
0.7050  0.2320
0.7060  0.2330
0.7070  0.2340
0.7080  0.2350
0.7090  0.2360
0.7100  0.2370
0.7110  0.2381
0.7120  0.2390
0.7130  0.2395
0.7140  0.2400
0.7150  0.2409
0.7160  0.2420
0.7170  0.2430
0.7180  0.2440
0.7190  0.2451
0.7200  0.2460
0.7210  0.2465
0.7220  0.2470
0.7230  0.2479
0.7240  0.2490
0.7250  0.2501
0.7260  0.2510
0.7270  0.2515
0.7280  0.2520
0.7290  0.2530
0.7300  0.2540
0.7310  0.2545
0.7320  0.2550
0.7330  0.2560
0.7340  0.2570
0.7350  0.2576
0.7360  0.2580
0.7370  0.2585
0.7380  0.2590
0.7390  0.2595
0.7400  0.2600
0.7410  0.2605
0.7420  0.2610
0.7430  0.2615
0.7440  0.2620
0.7450  0.2625
0.7460  0.2630
0.7470  0.2635
0.7480  0.2640
0.7490  0.2646
0.7500  0.2650
0.7510  0.2650
0.7520  0.2650
0.7530  0.2655
0.7540  0.2660
0.7550  0.2660
0.7560  0.2660
0.7570  0.2665
0.7580  0.2670
0.7590  0.2671
0.7600  0.2670
0.7610  0.2670
0.7620  0.2670
0.7630  0.2669
0.7640  0.2670
0.7650  0.2675
0.7660  0.2680
0.7670  0.2682
0.7680  0.2680
0.7690  0.2675
0.7700  0.2670
0.7710  0.2669
0.7720  0.2670
0.7730  0.2670
0.7740  0.2670
0.7750  0.2670
0.7760  0.2670
0.7770  0.2671
0.7780  0.2670
0.7790  0.2665
0.7800  0.2660
0.7810  0.2660
0.7820  0.2660
0.7830  0.2655
0.7840  0.2650
0.7850  0.2650
0.7860  0.2650
0.7870  0.2645
0.7880  0.2640
0.7890  0.2640
0.7900  0.2640
0.7910  0.2636
0.7920  0.2630
0.7930  0.2625
0.7940  0.2620
0.7950  0.2614
0.7960  0.2610
0.7970  0.2610
0.7980  0.2610
0.7990  0.2606
0.8000  0.2600
0.8010  0.2594
0.8020  0.2588
0.8030  0.2583
0.8040  0.2578
0.8050  0.2573
0.8060  0.2569
0.8070  0.2564
0.8080  0.2560
0.8090  0.2556
0.8100  0.2552
0.8110  0.2549
0.8120  0.2545
0.8130  0.2542
0.8140  0.2539
0.8150  0.2536
0.8160  0.2532
0.8170  0.2529
0.8180  0.2526
0.8190  0.2523
0.8200  0.2520
0.8210  0.2516
0.8220  0.2513
0.8230  0.2509
0.8240  0.2505
0.8250  0.2502
0.8260  0.2498
0.8270  0.2494
0.8280  0.2490
0.8290  0.2487
0.8300  0.2483
0.8310  0.2480
0.8320  0.2476
0.8330  0.2472
0.8340  0.2469
0.8350  0.2466
0.8360  0.2462
0.8370  0.2459
0.8380  0.2456
0.8390  0.2453
0.8400  0.2450
0.8410  0.2447
0.8420  0.2443
0.8430  0.2440
0.8440  0.2437
0.8450  0.2434
0.8460  0.2431
0.8470  0.2429
0.8480  0.2426
0.8490  0.2424
0.8500  0.2422
0.8510  0.2420
0.8520  0.2418
0.8530  0.2417
0.8540  0.2415
0.8550  0.2414
0.8560  0.2413
0.8570  0.2412
0.8580  0.2411
0.8590  0.2410
0.8600  0.2410
0.8610  0.2410
0.8620  0.2409
0.8630  0.2409
0.8640  0.2409
0.8650  0.2410
0.8660  0.2410
0.8670  0.2411
0.8680  0.2412
0.8690  0.2413
0.8700  0.2414
0.8710  0.2415
0.8720  0.2416
0.8730  0.2417
0.8740  0.2419
0.8750  0.2421
0.8760  0.2422
0.8770  0.2424
0.8780  0.2426
0.8790  0.2428
0.8800  0.2430
0.8810  0.2432
0.8820  0.2434
0.8830  0.2436
0.8840  0.2438
0.8850  0.2440
0.8860  0.2442
0.8870  0.2444
0.8880  0.2446
0.8890  0.2449
0.8900  0.2451
0.8910  0.2453
0.8920  0.2456
0.8930  0.2459
0.8940  0.2462
0.8950  0.2464
0.8960  0.2467
0.8970  0.2470
0.8980  0.2473
0.8990  0.2477
0.9000  0.2480
0.9010  0.2483
0.9020  0.2486
0.9030  0.2489
0.9040  0.2493
0.9050  0.2496
0.9060  0.2499
0.9070  0.2503
0.9080  0.2507
0.9090  0.2511
0.9100  0.2514
0.9110  0.2518
0.9120  0.2523
0.9130  0.2527
0.9140  0.2531
0.9150  0.2536
0.9160  0.2540
0.9170  0.2545
0.9180  0.2550
0.9190  0.2555
0.9200  0.2560
0.9210  0.2565
0.9220  0.2570
0.9230  0.2574
0.9240  0.2580
0.9250  0.2585
0.9260  0.2590
0.9270  0.2596
0.9280  0.2601
0.9290  0.2607
0.9300  0.2613
0.9310  0.2619
0.9320  0.2625
0.9330  0.2632
0.9340  0.2638
0.9350  0.2645
0.9360  0.2651
0.9370  0.2658
0.9380  0.2665
0.9390  0.2673
0.9400  0.2680
0.9410  0.2687
0.9420  0.2694
0.9430  0.2702
0.9440  0.2710
0.9450  0.2717
0.9460  0.2725
0.9470  0.2733
0.9480  0.2742
0.9490  0.2750
0.9500  0.2758
0.9510  0.2767
0.9520  0.2776
0.9530  0.2785
0.9540  0.2794
0.9550  0.2803
0.9560  0.2812
0.9570  0.2821
0.9580  0.2831
0.9590  0.2840
0.9600  0.2850
0.9610  0.2860
0.9620  0.2869
0.9630  0.2879
0.9640  0.2889
0.9650  0.2899
0.9660  0.2909
0.9670  0.2920
0.9680  0.2930
0.9690  0.2941
0.9700  0.2951
0.9710  0.2962
0.9720  0.2972
0.9730  0.2983
0.9740  0.2994
0.9750  0.3005
0.9760  0.3016
0.9770  0.3027
0.9780  0.3038
0.9790  0.3049
0.9800  0.3060
0.9810  0.3071
0.9820  0.3082
0.9830  0.3093
0.9840  0.3104
0.9850  0.3115
0.9860  0.3127
0.9870  0.3138
0.9880  0.3149
0.9890  0.3161
0.9900  0.3172
0.9910  0.3184
0.9920  0.3195
0.9930  0.3207
0.9940  0.3219
0.9950  0.3230
0.9960  0.3242
0.9970  0.3254
0.9980  0.3266
0.9990  0.3278
1.0000  0.3290
1.0010  0.3302
1.0020  0.3315
1.0030  0.3327
1.0040  0.3340
1.0050  0.3353
1.0060  0.3365
1.0070  0.3378
1.0080  0.3390
1.0090  0.3403
1.0100  0.3416
1.0110  0.3428
1.0120  0.3441
1.0130  0.3453
1.0140  0.3466
1.0150  0.3478
1.0160  0.3491
1.0170  0.3503
1.0180  0.3516
1.0190  0.3528
1.0200  0.3540
1.0210  0.3552
1.0220  0.3564
1.0230  0.3576
1.0240  0.3588
1.0250  0.3600
1.0260  0.3611
1.0270  0.3623
1.0280  0.3635
1.0290  0.3646
1.0300  0.3658
1.0310  0.3669
1.0320  0.3680
1.0330  0.3692
1.0340  0.3703
1.0350  0.3714
1.0360  0.3725
1.0370  0.3737
1.0380  0.3748
1.0390  0.3759
1.0400  0.3770
1.0410  0.3781
1.0420  0.3793
1.0430  0.3804
1.0440  0.3816
1.0450  0.3827
1.0460  0.3838
1.0470  0.3850
1.0480  0.3861
1.0490  0.3872
1.0500  0.3883
1.0510  0.3894
1.0520  0.3905
1.0530  0.3916
1.0540  0.3927
1.0550  0.3938
1.0560  0.3948
1.0570  0.3959
1.0580  0.3969
1.0590  0.3980
1.0600  0.3990
1.0610  0.4000
1.0620  0.4010
1.0630  0.4020
1.0640  0.4030
1.0650  0.4040
1.0660  0.4050
1.0670  0.4059
1.0680  0.4069
1.0690  0.4079
1.0700  0.4088
1.0710  0.4097
1.0720  0.4107
1.0730  0.4116
1.0740  0.4125
1.0750  0.4134
1.0760  0.4144
1.0770  0.4153
1.0780  0.4162
1.0790  0.4171
1.0800  0.4180
1.0810  0.4189
1.0820  0.4199
1.0830  0.4208
1.0840  0.4217
1.0850  0.4226
1.0860  0.4236
1.0870  0.4245
1.0880  0.4254
1.0890  0.4263
1.0900  0.4272
1.0910  0.4281
1.0920  0.4290
1.0930  0.4299
1.0940  0.4308
1.0950  0.4317
1.0960  0.4326
1.0970  0.4334
1.0980  0.4343
1.0990  0.4351
1.1000  0.4360
1.1010  0.4369
1.1020  0.4377
1.1030  0.4385
1.1040  0.4394
1.1050  0.4402
1.1060  0.4410
1.1070  0.4418
1.1080  0.4426
1.1090  0.4434
1.1100  0.4442
1.1110  0.4450
1.1120  0.4458
1.1130  0.4466
1.1140  0.4474
1.1150  0.4482
1.1160  0.4489
1.1170  0.4497
1.1180  0.4505
1.1190  0.4512
1.1200  0.4520
1.1210  0.4528
1.1220  0.4536
1.1230  0.4544
1.1240  0.4552
1.1250  0.4560
1.1260  0.4567
1.1270  0.4575
1.1280  0.4583
1.1290  0.4591
1.1300  0.4598
1.1310  0.4606
1.1320  0.4613
1.1330  0.4621
1.1340  0.4628
1.1350  0.4635
1.1360  0.4642
1.1370  0.4649
1.1380  0.4656
1.1390  0.4663
1.1400  0.4670
1.1410  0.4677
1.1420  0.4684
1.1430  0.4690
1.1440  0.4697
1.1450  0.4703
1.1460  0.4709
1.1470  0.4716
1.1480  0.4722
1.1490  0.4728
1.1500  0.4734
1.1510  0.4740
1.1520  0.4746
1.1530  0.4751
1.1540  0.4757
1.1550  0.4763
1.1560  0.4768
1.1570  0.4774
1.1580  0.4779
1.1590  0.4785
1.1600  0.4790
1.1610  0.4796
1.1620  0.4801
1.1630  0.4806
1.1640  0.4812
1.1650  0.4817
1.1660  0.4822
1.1670  0.4827
1.1680  0.4833
1.1690  0.4838
1.1700  0.4843
1.1710  0.4848
1.1720  0.4853
1.1730  0.4858
1.1740  0.4862
1.1750  0.4867
1.1760  0.4872
1.1770  0.4876
1.1780  0.4881
1.1790  0.4886
1.1800  0.4890
1.1810  0.4895
1.1820  0.4899
1.1830  0.4904
1.1840  0.4908
1.1850  0.4912
1.1860  0.4917
1.1870  0.4921
1.1880  0.4925
1.1890  0.4929
1.1900  0.4933
1.1910  0.4937
1.1920  0.4941
1.1930  0.4945
1.1940  0.4949
1.1950  0.4952
1.1960  0.4956
1.1970  0.4960
1.1980  0.4963
1.1990  0.4967
1.2000  0.4970
1.2010  0.4973
1.2020  0.4977
1.2030  0.4980
1.2040  0.4983
1.2050  0.4987
1.2060  0.4990
1.2070  0.4993
1.2080  0.4996
1.2090  0.4999
1.2100  0.5002
1.2110  0.5005
1.2120  0.5008
1.2130  0.5011
1.2140  0.5014
1.2150  0.5016
1.2160  0.5019
1.2170  0.5022
1.2180  0.5025
1.2190  0.5027
1.2200  0.5030
1.2210  0.5033
1.2220  0.5035
1.2230  0.5038
1.2240  0.5041
1.2250  0.5043
1.2260  0.5046
1.2270  0.5049
1.2280  0.5051
1.2290  0.5054
1.2300  0.5056
1.2310  0.5059
1.2320  0.5061
1.2330  0.5064
1.2340  0.5066
1.2350  0.5069
1.2360  0.5071
1.2370  0.5073
1.2380  0.5076
1.2390  0.5078
1.2400  0.5080
1.2410  0.5082
1.2420  0.5085
1.2430  0.5087
1.2440  0.5089
1.2450  0.5091
1.2460  0.5093
1.2470  0.5095
1.2480  0.5097
1.2490  0.5100
1.2500  0.5102
1.2510  0.5104
1.2520  0.5105
1.2530  0.5107
1.2540  0.5109
1.2550  0.5111
1.2560  0.5113
1.2570  0.5115
1.2580  0.5117
1.2590  0.5118
1.2600  0.5120
1.2610  0.5122
1.2620  0.5124
1.2630  0.5125
1.2640  0.5127
1.2650  0.5129
1.2660  0.5130
1.2670  0.5132
1.2680  0.5133
1.2690  0.5135
1.2700  0.5136
1.2710  0.5138
1.2720  0.5139
1.2730  0.5141
1.2740  0.5142
1.2750  0.5144
1.2760  0.5145
1.2770  0.5146
1.2780  0.5148
1.2790  0.5149
1.2800  0.5150
1.2810  0.5151
1.2820  0.5152
1.2830  0.5153
1.2840  0.5154
1.2850  0.5156
1.2860  0.5157
1.2870  0.5158
1.2880  0.5159
1.2890  0.5160
1.2900  0.5161
1.2910  0.5162
1.2920  0.5162
1.2930  0.5163
1.2940  0.5164
1.2950  0.5165
1.2960  0.5166
1.2970  0.5167
1.2980  0.5168
1.2990  0.5169
1.3000  0.5170
1.3010  0.5171
1.3020  0.5172
1.3030  0.5173
1.3040  0.5174
1.3050  0.5175
1.3060  0.5177
1.3070  0.5178
1.3080  0.5179
1.3090  0.5180
1.3100  0.5181
1.3110  0.5182
1.3120  0.5183
1.3130  0.5184
1.3140  0.5185
1.3150  0.5186
1.3160  0.5187
1.3170  0.5188
1.3180  0.5188
1.3190  0.5189
1.3200  0.5190
1.3210  0.5191
1.3220  0.5192
1.3230  0.5192
1.3240  0.5193
1.3250  0.5194
1.3260  0.5194
1.3270  0.5195
1.3280  0.5196
1.3290  0.5196
1.3300  0.5197
1.3310  0.5197
1.3320  0.5198
1.3330  0.5198
1.3340  0.5198
1.3350  0.5199
1.3360  0.5199
1.3370  0.5199
1.3380  0.5200
1.3390  0.5200
1.3400  0.5200
1.3410  0.5200
1.3420  0.5200
1.3430  0.5200
1.3440  0.5200
1.3450  0.5200
1.3460  0.5201
1.3470  0.5201
1.3480  0.5201
1.3490  0.5201
1.3500  0.5201
1.3510  0.5200
1.3520  0.5200
1.3530  0.5200
1.3540  0.5200
1.3550  0.5200
1.3560  0.5200
1.3570  0.5200
1.3580  0.5200
1.3590  0.5200
1.3600  0.5200
1.3610  0.5200
1.3620  0.5201
1.3630  0.5201
1.3640  0.5202
1.3650  0.5202
1.3660  0.5203
1.3670  0.5203
1.3680  0.5203
1.3690  0.5203
1.3700  0.5204
1.3710  0.5204
1.3720  0.5204
1.3730  0.5204
1.3740  0.5203
1.3750  0.5203
1.3760  0.5203
1.3770  0.5202
1.3780  0.5202
1.3790  0.5201
1.3800  0.5200
1.3810  0.5199
1.3820  0.5197
1.3830  0.5195
1.3840  0.5193
1.3850  0.5192
1.3860  0.5190
1.3870  0.5187
1.3880  0.5185
1.3890  0.5183
1.3900  0.5181
1.3910  0.5179
1.3920  0.5177
1.3930  0.5174
1.3940  0.5172
1.3950  0.5170
1.3960  0.5168
1.3970  0.5166
1.3980  0.5164
1.3990  0.5162
1.4000  0.5160
1.4010  0.5158
1.4020  0.5156
1.4030  0.5154
1.4040  0.5152
1.4050  0.5150
1.4060  0.5148
1.4070  0.5147
1.4080  0.5146
1.4090  0.5144
1.4100  0.5143
1.4110  0.5142
1.4120  0.5141
1.4130  0.5141
1.4140  0.5140
1.4150  0.5140
1.4160  0.5139
1.4170  0.5139
1.4180  0.5139
1.4190  0.5140
1.4200  0.5140
1.4210  0.5141
1.4220  0.5142
1.4230  0.5143
1.4240  0.5144
1.4250  0.5145
1.4260  0.5147
1.4270  0.5148
1.4280  0.5150
1.4290  0.5151
1.4300  0.5153
1.4310  0.5155
1.4320  0.5156
1.4330  0.5158
1.4340  0.5160
1.4350  0.5162
1.4360  0.5163
1.4370  0.5165
1.4380  0.5167
1.4390  0.5168
1.4400  0.5170
1.4410  0.5171
1.4420  0.5173
1.4430  0.5174
1.4440  0.5175
1.4450  0.5176
1.4460  0.5177
1.4470  0.5179
1.4480  0.5180
1.4490  0.5181
1.4500  0.5181
1.4510  0.5182
1.4520  0.5183
1.4530  0.5184
1.4540  0.5185
1.4550  0.5186
1.4560  0.5187
1.4570  0.5187
1.4580  0.5188
1.4590  0.5189
1.4600  0.5190
1.4610  0.5191
1.4620  0.5192
1.4630  0.5193
1.4640  0.5194
1.4650  0.5195
1.4660  0.5196
1.4670  0.5197
1.4680  0.5198
1.4690  0.5200
1.4700  0.5201
1.4710  0.5202
1.4720  0.5203
1.4730  0.5204
1.4740  0.5205
1.4750  0.5206
1.4760  0.5207
1.4770  0.5207
1.4780  0.5208
1.4790  0.5209
1.4800  0.5210
1.4810  0.5211
1.4820  0.5211
1.4830  0.5212
1.4840  0.5213
1.4850  0.5213
1.4860  0.5214
1.4870  0.5214
1.4880  0.5215
1.4890  0.5215
1.4900  0.5216
1.4910  0.5216
1.4920  0.5217
1.4930  0.5217
1.4940  0.5218
1.4950  0.5218
1.4960  0.5218
1.4970  0.5219
1.4980  0.5219
1.4990  0.5220
1.5000  0.5220
1.5010  0.5220
1.5020  0.5221
1.5030  0.5221
1.5040  0.5222
1.5050  0.5222
1.5060  0.5223
1.5070  0.5223
1.5080  0.5224
1.5090  0.5224
1.5100  0.5225
1.5110  0.5225
1.5120  0.5226
1.5130  0.5226
1.5140  0.5227
1.5150  0.5227
1.5160  0.5228
1.5170  0.5228
1.5180  0.5229
1.5190  0.5229
1.5200  0.5230
1.5210  0.5231
1.5220  0.5231
1.5230  0.5232
1.5240  0.5232
1.5250  0.5233
1.5260  0.5233
1.5270  0.5234
1.5280  0.5234
1.5290  0.5235
1.5300  0.5235
1.5310  0.5236
1.5320  0.5236
1.5330  0.5237
1.5340  0.5237
1.5350  0.5238
1.5360  0.5238
1.5370  0.5239
1.5380  0.5239
1.5390  0.5240
1.5400  0.5240
1.5410  0.5240
1.5420  0.5241
1.5430  0.5241
1.5440  0.5242
1.5450  0.5242
1.5460  0.5243
1.5470  0.5243
1.5480  0.5244
1.5490  0.5244
1.5500  0.5245
1.5510  0.5245
1.5520  0.5246
1.5530  0.5246
1.5540  0.5247
1.5550  0.5247
1.5560  0.5248
1.5570  0.5248
1.5580  0.5249
1.5590  0.5249
1.5600  0.5250
1.5610  0.5251
1.5620  0.5251
1.5630  0.5252
1.5640  0.5252
1.5650  0.5253
1.5660  0.5253
1.5670  0.5254
1.5680  0.5254
1.5690  0.5255
1.5700  0.5255
1.5710  0.5256
1.5720  0.5256
1.5730  0.5257
1.5740  0.5257
1.5750  0.5258
1.5760  0.5258
1.5770  0.5259
1.5780  0.5259
1.5790  0.5260
1.5800  0.5260
1.5810  0.5260
1.5820  0.5261
1.5830  0.5261
1.5840  0.5262
1.5850  0.5262
1.5860  0.5262
1.5870  0.5263
1.5880  0.5263
1.5890  0.5264
1.5900  0.5264
1.5910  0.5265
1.5920  0.5265
1.5930  0.5266
1.5940  0.5266
1.5950  0.5267
1.5960  0.5267
1.5970  0.5268
1.5980  0.5269
1.5990  0.5269
1.6000  0.5270
1.6010  0.5271
1.6020  0.5272
1.6030  0.5273
1.6040  0.5273
1.6050  0.5274
1.6060  0.5275
1.6070  0.5276
1.6080  0.5277
1.6090  0.5278
1.6100  0.5279
1.6110  0.5280
1.6120  0.5281
1.6130  0.5282
1.6140  0.5284
1.6150  0.5285
1.6160  0.5286
1.6170  0.5287
1.6180  0.5288
1.6190  0.5289
1.6200  0.5290
1.6210  0.5291
1.6220  0.5292
1.6230  0.5293
1.6240  0.5295
1.6250  0.5296
1.6260  0.5297
1.6270  0.5298
1.6280  0.5299
1.6290  0.5300
1.6300  0.5301
1.6310  0.5302
1.6320  0.5303
1.6330  0.5304
1.6340  0.5305
1.6350  0.5306
1.6360  0.5307
1.6370  0.5308
1.6380  0.5308
1.6390  0.5309
1.6400  0.5310
1.6410  0.5311
1.6420  0.5311
1.6430  0.5312
1.6440  0.5312
1.6450  0.5313
1.6460  0.5313
1.6470  0.5313
1.6480  0.5314
1.6490  0.5314
1.6500  0.5315
1.6510  0.5315
1.6520  0.5316
1.6530  0.5316
1.6540  0.5317
1.6550  0.5317
1.6560  0.5318
1.6570  0.5318
1.6580  0.5319
1.6590  0.5319
1.6600  0.5320
1.6610  0.5321
1.6620  0.5322
1.6630  0.5323
1.6640  0.5324
1.6650  0.5325
1.6660  0.5326
1.6670  0.5328
1.6680  0.5329
1.6690  0.5330
1.6700  0.5331
1.6710  0.5332
1.6720  0.5333
1.6730  0.5334
1.6740  0.5335
1.6750  0.5336
1.6760  0.5337
1.6770  0.5338
1.6780  0.5339
1.6790  0.5339
1.6800  0.5340
1.6810  0.5340
1.6820  0.5341
1.6830  0.5341
1.6840  0.5341
1.6850  0.5342
1.6860  0.5342
1.6870  0.5342
1.6880  0.5342
1.6890  0.5342
1.6900  0.5342
1.6910  0.5342
1.6920  0.5341
1.6930  0.5341
1.6940  0.5341
1.6950  0.5341
1.6960  0.5341
1.6970  0.5341
1.6980  0.5340
1.6990  0.5340
1.7000  0.5340
1.7020  0.5340
1.7050  0.5340
1.7100  0.5340
1.7150  0.5340
1.7200  0.5340
1.7250  0.5341
1.7300  0.5341
1.7350  0.5341
1.7400  0.5340
1.7450  0.5338
1.7500  0.5336
1.7550  0.5333
1.7600  0.5330
1.7650  0.5327
1.7700  0.5324
1.7750  0.5322
1.7800  0.5320
1.7850  0.5319
1.7900  0.5319
1.7950  0.5320
1.8000  0.5320
1.8050  0.5320
1.8100  0.5320
1.8150  0.5320
1.8200  0.5320
1.8250  0.5320
1.8300  0.5320
1.8350  0.5320
1.8400  0.5320
1.8450  0.5324
1.8500  0.5327
1.8550  0.5326
1.8600  0.5320
1.8650  0.5327
1.8700  0.5322
1.8750  0.5298
1.8800  0.5250
1.8850  0.5148
1.8900  0.5034
1.8950  0.4925
1.9000  0.4840
1.9050  0.4788
1.9100  0.4769
1.9150  0.4773
1.9200  0.4790
1.9250  0.4813
1.9300  0.4840
1.9350  0.4869
1.9400  0.4900
1.9450  0.4934
1.9500  0.4967
1.9550  0.5000
1.9600  0.5030
1.9650  0.5057
1.9700  0.5081
1.9750  0.5105
1.9800  0.5130
1.9850  0.5157
1.9900  0.5186
1.9950  0.5213
2.0000  0.5240
2.0050  0.5268
2.0100  0.5292
2.0150  0.5313
2.0200  0.5330
2.0250  0.5342
2.0300  0.5351
2.0350  0.5356
2.0400  0.5360
2.0450  0.5363
2.0500  0.5365
2.0550  0.5368
2.0600  0.5370
2.0650  0.5372
2.0700  0.5374
2.0750  0.5377
2.0800  0.5380
2.0850  0.5384
2.0900  0.5388
2.0950  0.5394
2.1000  0.5400
2.1050  0.5409
2.1100  0.5417
2.1150  0.5425
2.1200  0.5430
2.1250  0.5433
2.1300  0.5434
2.1350  0.5433
2.1400  0.5430
2.1450  0.5426
2.1500  0.5421
2.1550  0.5415
2.1600  0.5410
2.1650  0.5404
2.1700  0.5399
2.1750  0.5394
2.1800  0.5390
2.1850  0.5387
2.1900  0.5385
2.1950  0.5383
2.2000  0.5380
2.2050  0.5374
2.2100  0.5368
2.2150  0.5363
2.2200  0.5360
2.2250  0.5360
2.2300  0.5363
2.2350  0.5366
2.2400  0.5370
2.2450  0.5374
2.2500  0.5377
2.2550  0.5379
2.2600  0.5380
2.2650  0.5376
2.2700  0.5373
2.2750  0.5370
2.2800  0.5370
2.2850  0.5377
2.2900  0.5386
2.2950  0.5394
2.3000  0.5400
2.3050  0.5400
2.3100  0.5398
2.3150  0.5394
2.3200  0.5390
2.3250  0.5391
2.3300  0.5393
2.3350  0.5393
2.3400  0.5390
2.3450  0.5381
2.3500  0.5368
2.3550  0.5354
2.3600  0.5340
2.3650  0.5331
2.3700  0.5323
2.3750  0.5313
2.3800  0.5300
2.3850  0.5282
2.3900  0.5261
2.3950  0.5236
2.4000  0.5210
2.4050  0.5182
2.4100  0.5154
2.4150  0.5127
2.4200  0.5100
2.4250  0.5074
2.4300  0.5049
2.4350  0.5025
2.4400  0.5000
2.4450  0.4975
2.4500  0.4950
2.4550  0.4925
2.4600  0.4900
2.4650  0.4873
2.4700  0.4846
2.4750  0.4822
2.4800  0.4800
2.4850  0.4782
2.4900  0.4766
2.4950  0.4753
2.5000  0.4740
2.5050  0.4727
2.5100  0.4714
2.5150  0.4702
2.5200  0.4690
2.5250  0.4679
2.5300  0.4668
2.5350  0.4659
2.5400  0.4650
2.5450  0.4641
2.5500  0.4633
2.5550  0.4626
2.5600  0.4620
2.5650  0.4617
2.5700  0.4615
2.5750  0.4613
2.5800  0.4610
2.5850  0.4607
2.5900  0.4603
2.5950  0.4597
2.6000  0.4590
2.6050  0.4583
2.6100  0.4574
2.6150  0.4563
2.6200  0.4550
2.6250  0.4540
2.6300  0.4526
2.6350  0.4507
2.6400  0.4480
2.6450  0.4455
2.6500  0.4419
2.6550  0.4372
2.6600  0.4310
2.6650  0.4246
2.6700  0.4165
2.6750  0.4067
2.6800  0.3950
2.6850  0.3840
2.6900  0.3705
2.6950  0.3540
2.7000  0.3340
2.7050  0.3079
2.7100  0.2797
2.7150  0.2514
2.7200  0.2250
2.7250  0.1992
2.7300  0.1773
2.7350  0.1595
2.7400  0.1460
2.7450  0.1365
2.7500  0.1303
2.7550  0.1265
2.7600  0.1240
2.7650  0.1218
2.7700  0.1199
2.7750  0.1183
2.7800  0.1170
2.7850  0.1159
2.7900  0.1151
2.7950  0.1145
2.8000  0.1140
2.8050  0.1137
2.8100  0.1134
2.8150  0.1132
2.8200  0.1130
2.8250  0.1128
2.8300  0.1125
2.8350  0.1123
2.8400  0.1120
2.8450  0.1115
2.8500  0.1110
2.8550  0.1108
2.8600  0.1110
2.8650  0.1118
2.8700  0.1129
2.8750  0.1141
2.8800  0.1150
2.8850  0.1156
2.8900  0.1159
2.8950  0.1160
2.9000  0.1160
2.9050  0.1161
2.9100  0.1162
2.9150  0.1162
2.9200  0.1160
2.9250  0.1151
2.9300  0.1143
2.9350  0.1138
2.9400  0.1140
2.9450  0.1151
2.9500  0.1168
2.9550  0.1189
2.9600  0.1210
2.9650  0.1230
2.9700  0.1248
2.9750  0.1264
2.9800  0.1280
2.9850  0.1295
2.9900  0.1310
2.9950  0.1325
3.0000  0.1340
3.0050  0.1356
3.0100  0.1371
3.0150  0.1386
3.0200  0.1400
3.0250  0.1413
3.0300  0.1425
3.0350  0.1437
3.0400  0.1450
3.0450  0.1466
3.0500  0.1483
3.0550  0.1498
3.0600  0.1510
3.0650  0.1514
3.0700  0.1516
3.0750  0.1521
3.0800  0.1530
3.0850  0.1546
3.0900  0.1567
3.0950  0.1593
3.1000  0.1620
3.1050  0.1648
3.1100  0.1675
3.1150  0.1703
3.1200  0.1730
3.1250  0.1757
3.1300  0.1785
3.1350  0.1812
3.1400  0.1840
3.1450  0.1866
3.1500  0.1893
3.1550  0.1921
3.1600  0.1950
3.1650  0.1983
3.1700  0.2017
3.1750  0.2050
3.1800  0.2080
3.1850  0.2106
3.1900  0.2128
3.1950  0.2149
3.2000  0.2170
3.2050  0.2190
3.2100  0.2211
3.2150  0.2235
3.2200  0.2260
3.2250  0.2290
3.2300  0.2321
3.2350  0.2351
3.2400  0.2380
3.2450  0.2406
3.2500  0.2429
3.2550  0.2450
3.2600  0.2470
3.2650  0.2489
3.2700  0.2508
3.2750  0.2528
3.2800  0.2550
3.2850  0.2574
3.2900  0.2599
3.2950  0.2624
3.3000  0.2650
3.3050  0.2677
3.3100  0.2703
3.3150  0.2728
3.3200  0.2750
3.3250  0.2771
3.3300  0.2790
3.3350  0.2806
3.3400  0.2820
3.3450  0.2832
3.3500  0.2843
3.3550  0.2852
3.3600  0.2860
3.3650  0.2868
3.3700  0.2875
3.3750  0.2883
3.3800  0.2890
3.3850  0.2897
3.3900  0.2905
3.3950  0.2912
3.4000  0.2920
3.4050  0.2925
3.4100  0.2931
3.4150  0.2939
3.4200  0.2950
3.4250  0.2962
3.4300  0.2978
3.4350  0.2998
3.4400  0.3020
3.4450  0.3047
3.4500  0.3076
3.4550  0.3104
3.4600  0.3130
3.4650  0.3157
3.4700  0.3179
3.4750  0.3197
3.4800  0.3210
3.4850  0.3211
3.4900  0.3210
3.4950  0.3212
3.5000  0.3220
3.5050  0.3240
3.5100  0.3268
3.5150  0.3299
3.5200  0.3330
3.5250  0.3360
3.5300  0.3386
3.5350  0.3410
3.5400  0.3430
3.5450  0.3448
3.5500  0.3463
3.5550  0.3477
3.5600  0.3490
3.5650  0.3503
3.5700  0.3516
3.5750  0.3528
3.5800  0.3540
3.5850  0.3550
3.5900  0.3560
3.5950  0.3570
3.6000  0.3580
3.6050  0.3592
3.6100  0.3604
3.6150  0.3617
3.6200  0.3630
3.6250  0.3643
3.6300  0.3656
3.6350  0.3668
3.6400  0.3680
3.6450  0.3690
3.6500  0.3700
3.6550  0.3710
3.6600  0.3720
3.6650  0.3733
3.6700  0.3746
3.6750  0.3759
3.6800  0.3770
3.6850  0.3782
3.6900  0.3791
3.6950  0.3797
3.7000  0.3800
3.7050  0.3795
3.7100  0.3788
3.7150  0.3783
3.7200  0.3780
3.7250  0.3783
3.7300  0.3791
3.7350  0.3800
3.7400  0.3810
3.7450  0.3819
3.7500  0.3826
3.7550  0.3833
3.7600  0.3840
3.7650  0.3847
3.7700  0.3854
3.7750  0.3862
3.7800  0.3870
3.7850  0.3882
3.7900  0.3894
3.7950  0.3904
3.8000  0.3910
3.8050  0.3911
3.8100  0.3909
3.8150  0.3904
3.8200  0.3900
3.8250  0.3896
3.8300  0.3893
3.8350  0.3891
3.8400  0.3890
3.8450  0.3891
3.8500  0.3891
3.8550  0.3891
3.8600  0.3890
3.8650  0.3884
3.8700  0.3878
3.8750  0.3873
3.8800  0.3870
3.8850  0.3873
3.8900  0.3879
3.8950  0.3885
3.9000  0.3890
3.9050  0.3893
3.9100  0.3893
3.9150  0.3892
3.9200  0.3890
3.9250  0.3888
3.9300  0.3886
3.9350  0.3883
3.9400  0.3880
3.9450  0.3876
3.9500  0.3872
3.9550  0.3866
3.9600  0.3860
3.9650  0.3852
3.9700  0.3844
3.9750  0.3836
3.9800  0.3830
3.9850  0.3826
3.9900  0.3823
3.9950  0.3821
4.0000  0.3820
