0.3000
4.0000
RunwayConcrete                           
0.3000  0.0880
0.3005  0.0885
0.3010  0.0890
0.3015  0.0895
0.3020  0.0900
0.3025  0.0905
0.3030  0.0910
0.3035  0.0915
0.3040  0.0920
0.3045  0.0926
0.3050  0.0931
0.3055  0.0936
0.3060  0.0940
0.3065  0.0943
0.3070  0.0945
0.3075  0.0947
0.3080  0.0950
0.3085  0.0954
0.3090  0.0959
0.3095  0.0965
0.3100  0.0970
0.3105  0.0976
0.3110  0.0981
0.3115  0.0986
0.3120  0.0990
0.3125  0.0993
0.3130  0.0995
0.3135  0.0997
0.3140  0.1000
0.3145  0.1004
0.3150  0.1009
0.3155  0.1015
0.3160  0.1020
0.3165  0.1026
0.3170  0.1031
0.3175  0.1036
0.3180  0.1040
0.3185  0.1043
0.3190  0.1045
0.3195  0.1047
0.3200  0.1050
0.3205  0.1055
0.3210  0.1060
0.3215  0.1065
0.3220  0.1070
0.3225  0.1073
0.3230  0.1075
0.3235  0.1077
0.3240  0.1080
0.3245  0.1085
0.3250  0.1090
0.3255  0.1095
0.3260  0.1100
0.3265  0.1103
0.3270  0.1105
0.3275  0.1107
0.3280  0.1110
0.3285  0.1115
0.3290  0.1120
0.3295  0.1125
0.3300  0.1130
0.3305  0.1133
0.3310  0.1136
0.3315  0.1138
0.3320  0.1140
0.3325  0.1142
0.3330  0.1144
0.3335  0.1147
0.3340  0.1150
0.3345  0.1155
0.3350  0.1160
0.3355  0.1165
0.3360  0.1170
0.3365  0.1173
0.3370  0.1176
0.3375  0.1178
0.3380  0.1180
0.3385  0.1182
0.3390  0.1185
0.3395  0.1187
0.3400  0.1190
0.3405  0.1193
0.3410  0.1195
0.3415  0.1198
0.3420  0.1200
0.3425  0.1202
0.3430  0.1205
0.3435  0.1207
0.3440  0.1210
0.3445  0.1213
0.3450  0.1215
0.3455  0.1218
0.3460  0.1220
0.3465  0.1222
0.3470  0.1225
0.3475  0.1227
0.3480  0.1230
0.3485  0.1233
0.3490  0.1235
0.3495  0.1238
0.3500  0.1240
0.3505  0.1242
0.3510  0.1245
0.3515  0.1248
0.3520  0.1250
0.3525  0.1252
0.3530  0.1255
0.3535  0.1258
0.3540  0.1260
0.3545  0.1262
0.3550  0.1265
0.3555  0.1268
0.3560  0.1270
0.3565  0.1273
0.3570  0.1275
0.3575  0.1277
0.3580  0.1280
0.3585  0.1283
0.3590  0.1285
0.3595  0.1287
0.3600  0.1290
0.3605  0.1292
0.3610  0.1295
0.3615  0.1297
0.3620  0.1300
0.3625  0.1303
0.3630  0.1305
0.3635  0.1308
0.3640  0.1310
0.3645  0.1312
0.3650  0.1315
0.3655  0.1317
0.3660  0.1320
0.3665  0.1322
0.3670  0.1325
0.3675  0.1328
0.3680  0.1330
0.3685  0.1332
0.3690  0.1335
0.3695  0.1337
0.3700  0.1340
0.3705  0.1342
0.3710  0.1345
0.3715  0.1348
0.3720  0.1350
0.3725  0.1353
0.3730  0.1355
0.3735  0.1357
0.3740  0.1360
0.3745  0.1362
0.3750  0.1364
0.3755  0.1367
0.3760  0.1370
0.3765  0.1375
0.3770  0.1380
0.3775  0.1385
0.3780  0.1390
0.3785  0.1393
0.3790  0.1395
0.3795  0.1397
0.3800  0.1400
0.3805  0.1405
0.3810  0.1410
0.3815  0.1415
0.3820  0.1420
0.3825  0.1423
0.3830  0.1425
0.3835  0.1427
0.3840  0.1430
0.3845  0.1435
0.3850  0.1440
0.3855  0.1445
0.3860  0.1450
0.3865  0.1453
0.3870  0.1456
0.3875  0.1458
0.3880  0.1460
0.3885  0.1462
0.3890  0.1464
0.3895  0.1467
0.3900  0.1470
0.3905  0.1475
0.3910  0.1480
0.3915  0.1485
0.3920  0.1490
0.3925  0.1493
0.3930  0.1495
0.3935  0.1497
0.3940  0.1500
0.3945  0.1505
0.3950  0.1510
0.3955  0.1515
0.3960  0.1520
0.3965  0.1523
0.3970  0.1526
0.3975  0.1528
0.3980  0.1530
0.3985  0.1532
0.3990  0.1534
0.3995  0.1537
0.4000  0.1540
0.4010  0.1550
0.4020  0.1560
0.4030  0.1566
0.4040  0.1570
0.4050  0.1575
0.4060  0.1580
0.4070  0.1584
0.4080  0.1590
0.4090  0.1600
0.4100  0.1610
0.4110  0.1616
0.4120  0.1620
0.4130  0.1625
0.4140  0.1630
0.4150  0.1634
0.4160  0.1640
0.4170  0.1650
0.4180  0.1660
0.4190  0.1666
0.4200  0.1670
0.4210  0.1674
0.4220  0.1680
0.4230  0.1690
0.4240  0.1700
0.4250  0.1705
0.4260  0.1710
0.4270  0.1720
0.4280  0.1730
0.4290  0.1735
0.4300  0.1740
0.4310  0.1750
0.4320  0.1760
0.4330  0.1765
0.4340  0.1770
0.4350  0.1780
0.4360  0.1790
0.4370  0.1795
0.4380  0.1800
0.4390  0.1810
0.4400  0.1820
0.4410  0.1825
0.4420  0.1830
0.4430  0.1840
0.4440  0.1850
0.4450  0.1855
0.4460  0.1860
0.4470  0.1870
0.4480  0.1880
0.4490  0.1886
0.4500  0.1890
0.4510  0.1895
0.4520  0.1900
0.4530  0.1905
0.4540  0.1910
0.4550  0.1915
0.4560  0.1920
0.4570  0.1925
0.4580  0.1930
0.4590  0.1935
0.4600  0.1940
0.4610  0.1945
0.4620  0.1950
0.4630  0.1955
0.4640  0.1960
0.4650  0.1965
0.4660  0.1970
0.4670  0.1975
0.4680  0.1980
0.4690  0.1985
0.4700  0.1990
0.4710  0.1995
0.4720  0.2000
0.4730  0.2005
0.4740  0.2010
0.4750  0.2015
0.4760  0.2020
0.4770  0.2025
0.4780  0.2030
0.4790  0.2035
0.4800  0.2040
0.4810  0.2045
0.4820  0.2050
0.4830  0.2055
0.4840  0.2060
0.4850  0.2065
0.4860  0.2070
0.4870  0.2074
0.4880  0.2080
0.4890  0.2090
0.4900  0.2100
0.4910  0.2106
0.4920  0.2110
0.4930  0.2115
0.4940  0.2120
0.4950  0.2124
0.4960  0.2130
0.4970  0.2140
0.4980  0.2150
0.4990  0.2156
0.5000  0.2160
0.5010  0.2164
0.5020  0.2170
0.5030  0.2180
0.5040  0.2190
0.5050  0.2196
0.5060  0.2200
0.5070  0.2204
0.5080  0.2210
0.5090  0.2220
0.5100  0.2230
0.5110  0.2235
0.5120  0.2240
0.5130  0.2250
0.5140  0.2260
0.5150  0.2266
0.5160  0.2270
0.5170  0.2274
0.5180  0.2280
0.5190  0.2290
0.5200  0.2300
0.5210  0.2305
0.5220  0.2310
0.5230  0.2319
0.5240  0.2330
0.5250  0.2341
0.5260  0.2350
0.5270  0.2355
0.5280  0.2360
0.5290  0.2370
0.5300  0.2380
0.5310  0.2385
0.5320  0.2390
0.5330  0.2400
0.5340  0.2410
0.5350  0.2415
0.5360  0.2420
0.5370  0.2430
0.5380  0.2440
0.5390  0.2445
0.5400  0.2450
0.5410  0.2459
0.5420  0.2470
0.5430  0.2481
0.5440  0.2490
0.5450  0.2495
0.5460  0.2500
0.5470  0.2509
0.5480  0.2520
0.5490  0.2530
0.5500  0.2540
0.5510  0.2551
0.5520  0.2560
0.5530  0.2565
0.5540  0.2570
0.5550  0.2579
0.5560  0.2590
0.5570  0.2600
0.5580  0.2610
0.5590  0.2621
0.5600  0.2630
0.5610  0.2635
0.5620  0.2640
0.5630  0.2649
0.5640  0.2660
0.5650  0.2671
0.5660  0.2680
0.5670  0.2685
0.5680  0.2690
0.5690  0.2699
0.5700  0.2710
0.5710  0.2721
0.5720  0.2730
0.5730  0.2736
0.5740  0.2740
0.5750  0.2744
0.5760  0.2750
0.5770  0.2760
0.5780  0.2770
0.5790  0.2776
0.5800  0.2780
0.5810  0.2785
0.5820  0.2790
0.5830  0.2795
0.5840  0.2800
0.5850  0.2804
0.5860  0.2810
0.5870  0.2821
0.5880  0.2830
0.5890  0.2831
0.5900  0.2830
0.5910  0.2834
0.5920  0.2840
0.5930  0.2845
0.5940  0.2850
0.5950  0.2855
0.5960  0.2860
0.5970  0.2865
0.5980  0.2870
0.5990  0.2876
0.6000  0.2880
0.6010  0.2880
0.6020  0.2880
0.6030  0.2884
0.6040  0.2890
0.6050  0.2896
0.6060  0.2900
0.6070  0.2900
0.6080  0.2900
0.6090  0.2905
0.6100  0.2910
0.6110  0.2910
0.6120  0.2910
0.6130  0.2915
0.6140  0.2920
0.6150  0.2920
0.6160  0.2920
0.6170  0.2925
0.6180  0.2930
0.6190  0.2930
0.6200  0.2930
0.6210  0.2935
0.6220  0.2940
0.6230  0.2941
0.6240  0.2940
0.6250  0.2939
0.6260  0.2940
0.6270  0.2945
0.6280  0.2950
0.6290  0.2950
0.6300  0.2950
0.6310  0.2955
0.6320  0.2960
0.6330  0.2961
0.6340  0.2960
0.6350  0.2959
0.6360  0.2960
0.6370  0.2965
0.6380  0.2970
0.6390  0.2971
0.6400  0.2970
0.6410  0.2969
0.6420  0.2970
0.6430  0.2975
0.6440  0.2980
0.6450  0.2981
0.6460  0.2980
0.6470  0.2979
0.6480  0.2980
0.6490  0.2985
0.6500  0.2990
0.6510  0.2991
0.6520  0.2990
0.6530  0.2989
0.6540  0.2990
0.6550  0.2995
0.6560  0.3000
0.6570  0.3001
0.6580  0.3000
0.6590  0.2999
0.6600  0.3000
0.6610  0.3005
0.6620  0.3010
0.6630  0.3011
0.6640  0.3010
0.6650  0.3009
0.6660  0.3010
0.6670  0.3015
0.6680  0.3020
0.6690  0.3021
0.6700  0.3020
0.6710  0.3019
0.6720  0.3020
0.6730  0.3025
0.6740  0.3030
0.6750  0.3031
0.6760  0.3030
0.6770  0.3029
0.6780  0.3030
0.6790  0.3035
0.6800  0.3040
0.6810  0.3041
0.6820  0.3040
0.6830  0.3039
0.6840  0.3040
0.6850  0.3045
0.6860  0.3050
0.6870  0.3051
0.6880  0.3050
0.6890  0.3050
0.6900  0.3050
0.6910  0.3049
0.6920  0.3050
0.6930  0.3055
0.6940  0.3060
0.6950  0.3061
0.6960  0.3060
0.6970  0.3060
0.6980  0.3060
0.6990  0.3059
0.7000  0.3060
0.7010  0.3065
0.7020  0.3070
0.7030  0.3071
0.7040  0.3070
0.7050  0.3070
0.7060  0.3070
0.7070  0.3069
0.7080  0.3070
0.7090  0.3075
0.7100  0.3080
0.7110  0.3081
0.7120  0.3080
0.7130  0.3080
0.7140  0.3080
0.7150  0.3079
0.7160  0.3080
0.7170  0.3085
0.7180  0.3090
0.7190  0.3091
0.7200  0.3090
0.7210  0.3090
0.7220  0.3090
0.7230  0.3089
0.7240  0.3090
0.7250  0.3095
0.7260  0.3100
0.7270  0.3101
0.7280  0.3100
0.7290  0.3100
0.7300  0.3100
0.7310  0.3100
0.7320  0.3100
0.7330  0.3100
0.7340  0.3100
0.7350  0.3099
0.7360  0.3100
0.7370  0.3105
0.7380  0.3110
0.7390  0.3111
0.7400  0.3110
0.7410  0.3110
0.7420  0.3110
0.7430  0.3110
0.7440  0.3110
0.7450  0.3109
0.7460  0.3110
0.7470  0.3115
0.7480  0.3120
0.7490  0.3121
0.7500  0.3120
0.7510  0.3120
0.7520  0.3120
0.7530  0.3120
0.7540  0.3120
0.7550  0.3120
0.7560  0.3120
0.7570  0.3120
0.7580  0.3120
0.7590  0.3120
0.7600  0.3120
0.7610  0.3119
0.7620  0.3120
0.7630  0.3125
0.7640  0.3130
0.7650  0.3131
0.7660  0.3130
0.7670  0.3130
0.7680  0.3130
0.7690  0.3130
0.7700  0.3130
0.7710  0.3130
0.7720  0.3130
0.7730  0.3130
0.7740  0.3130
0.7750  0.3129
0.7760  0.3130
0.7770  0.3135
0.7780  0.3140
0.7790  0.3141
0.7800  0.3140
0.7810  0.3140
0.7820  0.3140
0.7830  0.3140
0.7840  0.3140
0.7850  0.3140
0.7860  0.3140
0.7870  0.3140
0.7880  0.3140
0.7890  0.3140
0.7900  0.3140
0.7910  0.3140
0.7920  0.3140
0.7930  0.3140
0.7940  0.3140
0.7950  0.3140
0.7960  0.3140
0.7970  0.3140
0.7980  0.3140
0.7990  0.3140
0.8000  0.3140
0.8010  0.3140
0.8020  0.3141
0.8030  0.3141
0.8040  0.3141
0.8050  0.3142
0.8060  0.3142
0.8070  0.3143
0.8080  0.3143
0.8090  0.3144
0.8100  0.3145
0.8110  0.3145
0.8120  0.3146
0.8130  0.3146
0.8140  0.3147
0.8150  0.3148
0.8160  0.3148
0.8170  0.3149
0.8180  0.3149
0.8190  0.3150
0.8200  0.3150
0.8210  0.3150
0.8220  0.3150
0.8230  0.3150
0.8240  0.3150
0.8250  0.3150
0.8260  0.3150
0.8270  0.3150
0.8280  0.3150
0.8290  0.3150
0.8300  0.3150
0.8310  0.3150
0.8320  0.3150
0.8330  0.3150
0.8340  0.3150
0.8350  0.3150
0.8360  0.3150
0.8370  0.3150
0.8380  0.3150
0.8390  0.3150
0.8400  0.3150
0.8410  0.3150
0.8420  0.3150
0.8430  0.3150
0.8440  0.3150
0.8450  0.3150
0.8460  0.3151
0.8470  0.3151
0.8480  0.3151
0.8490  0.3152
0.8500  0.3152
0.8510  0.3153
0.8520  0.3153
0.8530  0.3154
0.8540  0.3155
0.8550  0.3155
0.8560  0.3156
0.8570  0.3157
0.8580  0.3158
0.8590  0.3159
0.8600  0.3160
0.8610  0.3161
0.8620  0.3163
0.8630  0.3164
0.8640  0.3165
0.8650  0.3167
0.8660  0.3168
0.8670  0.3170
0.8680  0.3172
0.8690  0.3173
0.8700  0.3175
0.8710  0.3176
0.8720  0.3178
0.8730  0.3180
0.8740  0.3181
0.8750  0.3183
0.8760  0.3184
0.8770  0.3186
0.8780  0.3187
0.8790  0.3189
0.8800  0.3190
0.8810  0.3191
0.8820  0.3193
0.8830  0.3194
0.8840  0.3195
0.8850  0.3197
0.8860  0.3198
0.8870  0.3199
0.8880  0.3200
0.8890  0.3201
0.8900  0.3202
0.8910  0.3203
0.8920  0.3204
0.8930  0.3205
0.8940  0.3206
0.8950  0.3206
0.8960  0.3207
0.8970  0.3208
0.8980  0.3209
0.8990  0.3209
0.9000  0.3210
0.9010  0.3211
0.9020  0.3211
0.9030  0.3211
0.9040  0.3212
0.9050  0.3212
0.9060  0.3213
0.9070  0.3213
0.9080  0.3214
0.9090  0.3214
0.9100  0.3215
0.9110  0.3215
0.9120  0.3215
0.9130  0.3216
0.9140  0.3216
0.9150  0.3217
0.9160  0.3217
0.9170  0.3218
0.9180  0.3219
0.9190  0.3219
0.9200  0.3220
0.9210  0.3221
0.9220  0.3222
0.9230  0.3223
0.9240  0.3224
0.9250  0.3225
0.9260  0.3226
0.9270  0.3227
0.9280  0.3228
0.9290  0.3229
0.9300  0.3230
0.9310  0.3231
0.9320  0.3232
0.9330  0.3233
0.9340  0.3234
0.9350  0.3235
0.9360  0.3236
0.9370  0.3237
0.9380  0.3238
0.9390  0.3239
0.9400  0.3240
0.9410  0.3241
0.9420  0.3241
0.9430  0.3242
0.9440  0.3243
0.9450  0.3243
0.9460  0.3244
0.9470  0.3244
0.9480  0.3245
0.9490  0.3245
0.9500  0.3246
0.9510  0.3246
0.9520  0.3247
0.9530  0.3247
0.9540  0.3248
0.9550  0.3248
0.9560  0.3248
0.9570  0.3249
0.9580  0.3249
0.9590  0.3250
0.9600  0.3250
0.9610  0.3250
0.9620  0.3251
0.9630  0.3251
0.9640  0.3251
0.9650  0.3252
0.9660  0.3252
0.9670  0.3252
0.9680  0.3253
0.9690  0.3253
0.9700  0.3254
0.9710  0.3254
0.9720  0.3255
0.9730  0.3255
0.9740  0.3256
0.9750  0.3257
0.9760  0.3257
0.9770  0.3258
0.9780  0.3259
0.9790  0.3259
0.9800  0.3260
0.9810  0.3261
0.9820  0.3262
0.9830  0.3263
0.9840  0.3263
0.9850  0.3264
0.9860  0.3265
0.9870  0.3266
0.9880  0.3267
0.9890  0.3268
0.9900  0.3269
0.9910  0.3270
0.9920  0.3271
0.9930  0.3273
0.9940  0.3274
0.9950  0.3275
0.9960  0.3276
0.9970  0.3277
0.9980  0.3278
0.9990  0.3279
1.0000  0.3280
1.0010  0.3281
1.0020  0.3282
1.0030  0.3283
1.0040  0.3284
1.0050  0.3285
1.0060  0.3286
1.0070  0.3287
1.0080  0.3288
1.0090  0.3289
1.0100  0.3290
1.0110  0.3291
1.0120  0.3292
1.0130  0.3293
1.0140  0.3294
1.0150  0.3295
1.0160  0.3296
1.0170  0.3297
1.0180  0.3298
1.0190  0.3299
1.0200  0.3300
1.0210  0.3301
1.0220  0.3302
1.0230  0.3303
1.0240  0.3304
1.0250  0.3305
1.0260  0.3306
1.0270  0.3307
1.0280  0.3308
1.0290  0.3309
1.0300  0.3310
1.0310  0.3311
1.0320  0.3312
1.0330  0.3313
1.0340  0.3314
1.0350  0.3315
1.0360  0.3316
1.0370  0.3317
1.0380  0.3318
1.0390  0.3319
1.0400  0.3320
1.0410  0.3321
1.0420  0.3322
1.0430  0.3323
1.0440  0.3324
1.0450  0.3325
1.0460  0.3326
1.0470  0.3327
1.0480  0.3328
1.0490  0.3329
1.0500  0.3330
1.0510  0.3331
1.0520  0.3332
1.0530  0.3333
1.0540  0.3334
1.0550  0.3335
1.0560  0.3336
1.0570  0.3337
1.0580  0.3338
1.0590  0.3339
1.0600  0.3340
1.0610  0.3341
1.0620  0.3342
1.0630  0.3343
1.0640  0.3344
1.0650  0.3344
1.0660  0.3345
1.0670  0.3346
1.0680  0.3347
1.0690  0.3348
1.0700  0.3349
1.0710  0.3350
1.0720  0.3351
1.0730  0.3352
1.0740  0.3353
1.0750  0.3354
1.0760  0.3355
1.0770  0.3356
1.0780  0.3358
1.0790  0.3359
1.0800  0.3360
1.0810  0.3361
1.0820  0.3363
1.0830  0.3364
1.0840  0.3366
1.0850  0.3367
1.0860  0.3369
1.0870  0.3371
1.0880  0.3372
1.0890  0.3374
1.0900  0.3375
1.0910  0.3377
1.0920  0.3378
1.0930  0.3380
1.0940  0.3381
1.0950  0.3383
1.0960  0.3384
1.0970  0.3386
1.0980  0.3387
1.0990  0.3389
1.1000  0.3390
1.1010  0.3391
1.1020  0.3392
1.1030  0.3394
1.1040  0.3395
1.1050  0.3396
1.1060  0.3397
1.1070  0.3398
1.1080  0.3399
1.1090  0.3400
1.1100  0.3401
1.1110  0.3402
1.1120  0.3403
1.1130  0.3404
1.1140  0.3405
1.1150  0.3405
1.1160  0.3406
1.1170  0.3407
1.1180  0.3408
1.1190  0.3409
1.1200  0.3410
1.1210  0.3411
1.1220  0.3412
1.1230  0.3413
1.1240  0.3414
1.1250  0.3415
1.1260  0.3416
1.1270  0.3417
1.1280  0.3418
1.1290  0.3419
1.1300  0.3420
1.1310  0.3421
1.1320  0.3422
1.1330  0.3423
1.1340  0.3424
1.1350  0.3425
1.1360  0.3426
1.1370  0.3427
1.1380  0.3428
1.1390  0.3429
1.1400  0.3430
1.1410  0.3431
1.1420  0.3432
1.1430  0.3433
1.1440  0.3434
1.1450  0.3435
1.1460  0.3436
1.1470  0.3437
1.1480  0.3438
1.1490  0.3439
1.1500  0.3440
1.1510  0.3441
1.1520  0.3442
1.1530  0.3443
1.1540  0.3444
1.1550  0.3445
1.1560  0.3446
1.1570  0.3447
1.1580  0.3448
1.1590  0.3449
1.1600  0.3450
1.1610  0.3451
1.1620  0.3452
1.1630  0.3453
1.1640  0.3454
1.1650  0.3455
1.1660  0.3456
1.1670  0.3457
1.1680  0.3458
1.1690  0.3459
1.1700  0.3460
1.1710  0.3461
1.1720  0.3462
1.1730  0.3463
1.1740  0.3464
1.1750  0.3465
1.1760  0.3466
1.1770  0.3467
1.1780  0.3468
1.1790  0.3469
1.1800  0.3470
1.1810  0.3471
1.1820  0.3472
1.1830  0.3473
1.1840  0.3474
1.1850  0.3475
1.1860  0.3476
1.1870  0.3477
1.1880  0.3478
1.1890  0.3479
1.1900  0.3480
1.1910  0.3481
1.1920  0.3482
1.1930  0.3483
1.1940  0.3484
1.1950  0.3485
1.1960  0.3486
1.1970  0.3487
1.1980  0.3488
1.1990  0.3489
1.2000  0.3490
1.2010  0.3491
1.2020  0.3492
1.2030  0.3493
1.2040  0.3494
1.2050  0.3495
1.2060  0.3496
1.2070  0.3497
1.2080  0.3498
1.2090  0.3499
1.2100  0.3500
1.2110  0.3501
1.2120  0.3502
1.2130  0.3503
1.2140  0.3504
1.2150  0.3505
1.2160  0.3506
1.2170  0.3507
1.2180  0.3508
1.2190  0.3509
1.2200  0.3510
1.2210  0.3511
1.2220  0.3512
1.2230  0.3513
1.2240  0.3514
1.2250  0.3516
1.2260  0.3517
1.2270  0.3518
1.2280  0.3519
1.2290  0.3520
1.2300  0.3521
1.2310  0.3522
1.2320  0.3523
1.2330  0.3524
1.2340  0.3525
1.2350  0.3526
1.2360  0.3527
1.2370  0.3528
1.2380  0.3528
1.2390  0.3529
1.2400  0.3530
1.2410  0.3531
1.2420  0.3531
1.2430  0.3532
1.2440  0.3532
1.2450  0.3533
1.2460  0.3533
1.2470  0.3533
1.2480  0.3534
1.2490  0.3534
1.2500  0.3535
1.2510  0.3535
1.2520  0.3536
1.2530  0.3536
1.2540  0.3537
1.2550  0.3537
1.2560  0.3538
1.2570  0.3538
1.2580  0.3539
1.2590  0.3539
1.2600  0.3540
1.2610  0.3541
1.2620  0.3542
1.2630  0.3542
1.2640  0.3543
1.2650  0.3544
1.2660  0.3545
1.2670  0.3546
1.2680  0.3547
1.2690  0.3548
1.2700  0.3549
1.2710  0.3550
1.2720  0.3551
1.2730  0.3552
1.2740  0.3553
1.2750  0.3555
1.2760  0.3556
1.2770  0.3557
1.2780  0.3558
1.2790  0.3559
1.2800  0.3560
1.2810  0.3561
1.2820  0.3562
1.2830  0.3564
1.2840  0.3565
1.2850  0.3566
1.2860  0.3567
1.2870  0.3568
1.2880  0.3569
1.2890  0.3570
1.2900  0.3571
1.2910  0.3572
1.2920  0.3573
1.2930  0.3574
1.2940  0.3575
1.2950  0.3576
1.2960  0.3577
1.2970  0.3578
1.2980  0.3578
1.2990  0.3579
1.3000  0.3580
1.3010  0.3581
1.3020  0.3581
1.3030  0.3582
1.3040  0.3582
1.3050  0.3583
1.3060  0.3583
1.3070  0.3583
1.3080  0.3584
1.3090  0.3584
1.3100  0.3585
1.3110  0.3585
1.3120  0.3586
1.3130  0.3586
1.3140  0.3587
1.3150  0.3587
1.3160  0.3588
1.3170  0.3588
1.3180  0.3589
1.3190  0.3589
1.3200  0.3590
1.3210  0.3591
1.3220  0.3592
1.3230  0.3592
1.3240  0.3593
1.3250  0.3594
1.3260  0.3595
1.3270  0.3596
1.3280  0.3597
1.3290  0.3598
1.3300  0.3599
1.3310  0.3600
1.3320  0.3601
1.3330  0.3602
1.3340  0.3603
1.3350  0.3605
1.3360  0.3606
1.3370  0.3607
1.3380  0.3608
1.3390  0.3609
1.3400  0.3610
1.3410  0.3611
1.3420  0.3613
1.3430  0.3614
1.3440  0.3616
1.3450  0.3617
1.3460  0.3618
1.3470  0.3620
1.3480  0.3621
1.3490  0.3622
1.3500  0.3623
1.3510  0.3624
1.3520  0.3625
1.3530  0.3626
1.3540  0.3627
1.3550  0.3628
1.3560  0.3628
1.3570  0.3629
1.3580  0.3629
1.3590  0.3630
1.3600  0.3630
1.3610  0.3630
1.3620  0.3631
1.3630  0.3631
1.3640  0.3631
1.3650  0.3631
1.3660  0.3631
1.3670  0.3631
1.3680  0.3631
1.3690  0.3630
1.3700  0.3630
1.3710  0.3629
1.3720  0.3629
1.3730  0.3628
1.3740  0.3627
1.3750  0.3626
1.3760  0.3625
1.3770  0.3624
1.3780  0.3623
1.3790  0.3621
1.3800  0.3620
1.3810  0.3618
1.3820  0.3616
1.3830  0.3614
1.3840  0.3612
1.3850  0.3610
1.3860  0.3608
1.3870  0.3606
1.3880  0.3604
1.3890  0.3602
1.3900  0.3600
1.3910  0.3598
1.3920  0.3595
1.3930  0.3593
1.3940  0.3591
1.3950  0.3589
1.3960  0.3587
1.3970  0.3585
1.3980  0.3583
1.3990  0.3582
1.4000  0.3580
1.4010  0.3578
1.4020  0.3576
1.4030  0.3574
1.4040  0.3572
1.4050  0.3570
1.4060  0.3568
1.4070  0.3566
1.4080  0.3565
1.4090  0.3564
1.4100  0.3563
1.4110  0.3562
1.4120  0.3561
1.4130  0.3560
1.4140  0.3559
1.4150  0.3559
1.4160  0.3559
1.4170  0.3559
1.4180  0.3559
1.4190  0.3559
1.4200  0.3560
1.4210  0.3561
1.4220  0.3562
1.4230  0.3563
1.4240  0.3565
1.4250  0.3566
1.4260  0.3568
1.4270  0.3570
1.4280  0.3572
1.4290  0.3574
1.4300  0.3576
1.4310  0.3578
1.4320  0.3581
1.4330  0.3583
1.4340  0.3586
1.4350  0.3588
1.4360  0.3590
1.4370  0.3593
1.4380  0.3595
1.4390  0.3598
1.4400  0.3600
1.4410  0.3602
1.4420  0.3605
1.4430  0.3607
1.4440  0.3609
1.4450  0.3611
1.4460  0.3614
1.4470  0.3616
1.4480  0.3618
1.4490  0.3620
1.4500  0.3622
1.4510  0.3624
1.4520  0.3626
1.4530  0.3628
1.4540  0.3630
1.4550  0.3631
1.4560  0.3633
1.4570  0.3635
1.4580  0.3637
1.4590  0.3638
1.4600  0.3640
1.4610  0.3642
1.4620  0.3643
1.4630  0.3644
1.4640  0.3646
1.4650  0.3647
1.4660  0.3649
1.4670  0.3650
1.4680  0.3652
1.4690  0.3653
1.4700  0.3655
1.4710  0.3656
1.4720  0.3657
1.4730  0.3659
1.4740  0.3660
1.4750  0.3662
1.4760  0.3663
1.4770  0.3665
1.4780  0.3667
1.4790  0.3668
1.4800  0.3670
1.4810  0.3672
1.4820  0.3674
1.4830  0.3675
1.4840  0.3677
1.4850  0.3679
1.4860  0.3681
1.4870  0.3683
1.4880  0.3685
1.4890  0.3687
1.4900  0.3689
1.4910  0.3691
1.4920  0.3693
1.4930  0.3695
1.4940  0.3697
1.4950  0.3700
1.4960  0.3702
1.4970  0.3704
1.4980  0.3706
1.4990  0.3708
1.5000  0.3710
1.5010  0.3712
1.5020  0.3714
1.5030  0.3717
1.5040  0.3719
1.5050  0.3721
1.5060  0.3723
1.5070  0.3725
1.5080  0.3727
1.5090  0.3729
1.5100  0.3731
1.5110  0.3733
1.5120  0.3735
1.5130  0.3737
1.5140  0.3739
1.5150  0.3741
1.5160  0.3743
1.5170  0.3745
1.5180  0.3746
1.5190  0.3748
1.5200  0.3750
1.5210  0.3752
1.5220  0.3753
1.5230  0.3755
1.5240  0.3756
1.5250  0.3758
1.5260  0.3759
1.5270  0.3760
1.5280  0.3762
1.5290  0.3763
1.5300  0.3765
1.5310  0.3766
1.5320  0.3768
1.5330  0.3769
1.5340  0.3771
1.5350  0.3772
1.5360  0.3774
1.5370  0.3775
1.5380  0.3777
1.5390  0.3778
1.5400  0.3780
1.5410  0.3782
1.5420  0.3784
1.5430  0.3786
1.5440  0.3788
1.5450  0.3790
1.5460  0.3792
1.5470  0.3794
1.5480  0.3796
1.5490  0.3798
1.5500  0.3800
1.5510  0.3802
1.5520  0.3804
1.5530  0.3806
1.5540  0.3808
1.5550  0.3810
1.5560  0.3812
1.5570  0.3814
1.5580  0.3816
1.5590  0.3818
1.5600  0.3820
1.5610  0.3822
1.5620  0.3823
1.5630  0.3825
1.5640  0.3827
1.5650  0.3828
1.5660  0.3830
1.5670  0.3831
1.5680  0.3833
1.5690  0.3834
1.5700  0.3836
1.5710  0.3837
1.5720  0.3839
1.5730  0.3840
1.5740  0.3842
1.5750  0.3843
1.5760  0.3844
1.5770  0.3846
1.5780  0.3847
1.5790  0.3849
1.5800  0.3850
1.5810  0.3851
1.5820  0.3853
1.5830  0.3854
1.5840  0.3856
1.5850  0.3857
1.5860  0.3859
1.5870  0.3860
1.5880  0.3862
1.5890  0.3863
1.5900  0.3865
1.5910  0.3866
1.5920  0.3868
1.5930  0.3869
1.5940  0.3871
1.5950  0.3872
1.5960  0.3874
1.5970  0.3875
1.5980  0.3877
1.5990  0.3878
1.6000  0.3880
1.6010  0.3882
1.6020  0.3883
1.6030  0.3885
1.6040  0.3886
1.6050  0.3888
1.6060  0.3889
1.6070  0.3891
1.6080  0.3892
1.6090  0.3894
1.6100  0.3895
1.6110  0.3897
1.6120  0.3898
1.6130  0.3900
1.6140  0.3901
1.6150  0.3903
1.6160  0.3904
1.6170  0.3906
1.6180  0.3907
1.6190  0.3909
1.6200  0.3910
1.6210  0.3911
1.6220  0.3913
1.6230  0.3914
1.6240  0.3916
1.6250  0.3917
1.6260  0.3919
1.6270  0.3920
1.6280  0.3922
1.6290  0.3923
1.6300  0.3925
1.6310  0.3926
1.6320  0.3928
1.6330  0.3929
1.6340  0.3931
1.6350  0.3932
1.6360  0.3934
1.6370  0.3935
1.6380  0.3937
1.6390  0.3938
1.6400  0.3940
1.6410  0.3942
1.6420  0.3943
1.6430  0.3945
1.6440  0.3946
1.6450  0.3948
1.6460  0.3950
1.6470  0.3951
1.6480  0.3953
1.6490  0.3954
1.6500  0.3956
1.6510  0.3957
1.6520  0.3959
1.6530  0.3960
1.6540  0.3962
1.6550  0.3963
1.6560  0.3965
1.6570  0.3966
1.6580  0.3967
1.6590  0.3969
1.6600  0.3970
1.6610  0.3971
1.6620  0.3973
1.6630  0.3974
1.6640  0.3975
1.6650  0.3976
1.6660  0.3977
1.6670  0.3979
1.6680  0.3980
1.6690  0.3981
1.6700  0.3982
1.6710  0.3983
1.6720  0.3984
1.6730  0.3984
1.6740  0.3985
1.6750  0.3986
1.6760  0.3987
1.6770  0.3988
1.6780  0.3989
1.6790  0.3989
1.6800  0.3990
1.6810  0.3991
1.6820  0.3991
1.6830  0.3992
1.6840  0.3992
1.6850  0.3992
1.6860  0.3993
1.6870  0.3993
1.6880  0.3994
1.6890  0.3994
1.6900  0.3995
1.6910  0.3995
1.6920  0.3995
1.6930  0.3996
1.6940  0.3996
1.6950  0.3997
1.6960  0.3998
1.6970  0.3998
1.6980  0.3999
1.6990  0.3999
1.7000  0.4000
1.7020  0.4002
1.7050  0.4005
1.7100  0.4010
1.7150  0.4015
1.7200  0.4020
1.7250  0.4023
1.7300  0.4026
1.7350  0.4028
1.7400  0.4030
1.7450  0.4032
1.7500  0.4034
1.7550  0.4037
1.7600  0.4040
1.7650  0.4045
1.7700  0.4050
1.7750  0.4055
1.7800  0.4060
1.7850  0.4063
1.7900  0.4066
1.7950  0.4068
1.8000  0.4070
1.8050  0.4072
1.8100  0.4075
1.8150  0.4077
1.8200  0.4080
1.8250  0.4084
1.8300  0.4087
1.8350  0.4089
1.8400  0.4090
1.8450  0.4096
1.8500  0.4098
1.8550  0.4093
1.8600  0.4080
1.8650  0.4066
1.8700  0.4041
1.8750  0.4002
1.8800  0.3950
1.8850  0.3874
1.8900  0.3790
1.8950  0.3706
1.9000  0.3630
1.9050  0.3555
1.9100  0.3496
1.9150  0.3454
1.9200  0.3430
1.9250  0.3424
1.9300  0.3431
1.9350  0.3448
1.9400  0.3470
1.9450  0.3492
1.9500  0.3515
1.9550  0.3537
1.9600  0.3560
1.9650  0.3582
1.9700  0.3604
1.9750  0.3627
1.9800  0.3650
1.9850  0.3675
1.9900  0.3701
1.9950  0.3726
2.0000  0.3750
2.0050  0.3773
2.0100  0.3794
2.0150  0.3813
2.0200  0.3830
2.0250  0.3845
2.0300  0.3859
2.0350  0.3870
2.0400  0.3880
2.0450  0.3889
2.0500  0.3897
2.0550  0.3904
2.0600  0.3910
2.0650  0.3915
2.0700  0.3920
2.0750  0.3925
2.0800  0.3930
2.0850  0.3934
2.0900  0.3939
2.0950  0.3944
2.1000  0.3950
2.1050  0.3959
2.1100  0.3967
2.1150  0.3975
2.1200  0.3980
2.1250  0.3985
2.1300  0.3986
2.1350  0.3985
2.1400  0.3980
2.1450  0.3973
2.1500  0.3963
2.1550  0.3952
2.1600  0.3940
2.1650  0.3929
2.1700  0.3917
2.1750  0.3904
2.1800  0.3890
2.1850  0.3873
2.1900  0.3854
2.1950  0.3837
2.2000  0.3820
2.2050  0.3805
2.2100  0.3791
2.2150  0.3780
2.2200  0.3770
2.2250  0.3764
2.2300  0.3758
2.2350  0.3750
2.2400  0.3740
2.2450  0.3724
2.2500  0.3705
2.2550  0.3687
2.2600  0.3670
2.2650  0.3657
2.2700  0.3647
2.2750  0.3638
2.2800  0.3630
2.2850  0.3620
2.2900  0.3609
2.2950  0.3599
2.3000  0.3590
2.3050  0.3586
2.3100  0.3583
2.3150  0.3578
2.3200  0.3570
2.3250  0.3553
2.3300  0.3534
2.3350  0.3516
2.3400  0.3500
2.3450  0.3491
2.3500  0.3486
2.3550  0.3483
2.3600  0.3480
2.3650  0.3478
2.3700  0.3472
2.3750  0.3463
2.3800  0.3450
2.3850  0.3431
2.3900  0.3409
2.3950  0.3385
2.4000  0.3360
2.4050  0.3338
2.4100  0.3316
2.4150  0.3294
2.4200  0.3270
2.4250  0.3243
2.4300  0.3216
2.4350  0.3188
2.4400  0.3160
2.4450  0.3132
2.4500  0.3106
2.4550  0.3082
2.4600  0.3060
2.4650  0.3038
2.4700  0.3018
2.4750  0.3002
2.4800  0.2990
2.4850  0.2984
2.4900  0.2981
2.4950  0.2977
2.5000  0.2970
2.5050  0.2957
2.5100  0.2941
2.5150  0.2924
2.5200  0.2910
2.5250  0.2897
2.5300  0.2888
2.5350  0.2883
2.5400  0.2880
2.5450  0.2882
2.5500  0.2886
2.5550  0.2889
2.5600  0.2890
2.5650  0.2888
2.5700  0.2883
2.5750  0.2876
2.5800  0.2870
2.5850  0.2867
2.5900  0.2864
2.5950  0.2859
2.6000  0.2850
2.6050  0.2836
2.6100  0.2819
2.6150  0.2799
2.6200  0.2780
2.6250  0.2767
2.6300  0.2753
2.6350  0.2734
2.6400  0.2710
2.6450  0.2690
2.6500  0.2659
2.6550  0.2613
2.6600  0.2550
2.6650  0.2483
2.6700  0.2395
2.6750  0.2285
2.6800  0.2150
2.6850  0.1974
2.6900  0.1787
2.6950  0.1601
2.7000  0.1430
2.7050  0.1277
2.7100  0.1147
2.7150  0.1036
2.7200  0.0940
2.7250  0.0845
2.7300  0.0761
2.7350  0.0689
2.7400  0.0630
2.7450  0.0581
2.7500  0.0544
2.7550  0.0518
2.7600  0.0500
2.7650  0.0488
2.7700  0.0482
2.7750  0.0480
2.7800  0.0480
2.7850  0.0482
2.7900  0.0485
2.7950  0.0488
2.8000  0.0490
2.8050  0.0491
2.8100  0.0491
2.8150  0.0490
2.8200  0.0490
2.8250  0.0490
2.8300  0.0490
2.8350  0.0490
2.8400  0.0490
2.8450  0.0490
2.8500  0.0490
2.8550  0.0490
2.8600  0.0490
2.8650  0.0490
2.8700  0.0490
2.8750  0.0490
2.8800  0.0490
2.8850  0.0491
2.8900  0.0492
2.8950  0.0492
2.9000  0.0490
2.9050  0.0486
2.9100  0.0480
2.9150  0.0475
2.9200  0.0470
2.9250  0.0465
2.9300  0.0461
2.9350  0.0459
2.9400  0.0460
2.9450  0.0464
2.9500  0.0469
2.9550  0.0475
2.9600  0.0480
2.9650  0.0482
2.9700  0.0484
2.9750  0.0486
2.9800  0.0490
2.9850  0.0498
2.9900  0.0506
2.9950  0.0514
3.0000  0.0520
3.0050  0.0524
3.0100  0.0524
3.0150  0.0523
3.0200  0.0520
3.0250  0.0514
3.0300  0.0508
3.0350  0.0503
3.0400  0.0500
3.0450  0.0500
3.0500  0.0502
3.0550  0.0505
3.0600  0.0510
3.0650  0.0516
3.0700  0.0522
3.0750  0.0527
3.0800  0.0530
3.0850  0.0530
3.0900  0.0530
3.0950  0.0529
3.1000  0.0530
3.1050  0.0534
3.1100  0.0540
3.1150  0.0546
3.1200  0.0550
3.1250  0.0551
3.1300  0.0551
3.1350  0.0550
3.1400  0.0550
3.1450  0.0549
3.1500  0.0550
3.1550  0.0554
3.1600  0.0560
3.1650  0.0571
3.1700  0.0584
3.1750  0.0598
3.1800  0.0610
3.1850  0.0620
3.1900  0.0628
3.1950  0.0634
3.2000  0.0640
3.2050  0.0646
3.2100  0.0652
3.2150  0.0657
3.2200  0.0660
3.2250  0.0658
3.2300  0.0657
3.2350  0.0657
3.2400  0.0660
3.2450  0.0670
3.2500  0.0683
3.2550  0.0697
3.2600  0.0710
3.2650  0.0723
3.2700  0.0732
3.2750  0.0738
3.2800  0.0740
3.2850  0.0735
3.2900  0.0728
3.2950  0.0722
3.3000  0.0720
3.3050  0.0726
3.3100  0.0735
3.3150  0.0743
3.3200  0.0750
3.3250  0.0750
3.3300  0.0747
3.3350  0.0743
3.3400  0.0740
3.3450  0.0742
3.3500  0.0745
3.3550  0.0749
3.3600  0.0750
3.3650  0.0748
3.3700  0.0743
3.3750  0.0736
3.3800  0.0730
3.3850  0.0721
3.3900  0.0715
3.3950  0.0711
3.4000  0.0710
3.4050  0.0715
3.4100  0.0724
3.4150  0.0732
3.4200  0.0740
3.4250  0.0743
3.4300  0.0744
3.4350  0.0746
3.4400  0.0750
3.4450  0.0760
3.4500  0.0771
3.4550  0.0782
3.4600  0.0790
3.4650  0.0791
3.4700  0.0790
3.4750  0.0789
3.4800  0.0790
3.4850  0.0794
3.4900  0.0803
3.4950  0.0815
3.5000  0.0830
3.5050  0.0847
3.5100  0.0866
3.5150  0.0887
3.5200  0.0910
3.5250  0.0936
3.5300  0.0963
3.5350  0.0988
3.5400  0.1010
3.5450  0.1030
3.5500  0.1047
3.5550  0.1060
3.5600  0.1070
3.5650  0.1076
3.5700  0.1080
3.5750  0.1084
3.5800  0.1090
3.5850  0.1099
3.5900  0.1109
3.5950  0.1120
3.6000  0.1130
3.6050  0.1138
3.6100  0.1145
3.6150  0.1152
3.6200  0.1160
3.6250  0.1170
3.6300  0.1181
3.6350  0.1191
3.6400  0.1200
3.6450  0.1207
3.6500  0.1212
3.6550  0.1216
3.6600  0.1220
3.6650  0.1226
3.6700  0.1231
3.6750  0.1236
3.6800  0.1240
3.6850  0.1240
3.6900  0.1239
3.6950  0.1238
3.7000  0.1240
3.7050  0.1246
3.7100  0.1254
3.7150  0.1263
3.7200  0.1270
3.7250  0.1275
3.7300  0.1278
3.7350  0.1279
3.7400  0.1280
3.7450  0.1280
3.7500  0.1280
3.7550  0.1280
3.7600  0.1280
3.7650  0.1282
3.7700  0.1283
3.7750  0.1282
3.7800  0.1280
3.7850  0.1275
3.7900  0.1268
3.7950  0.1259
3.8000  0.1250
3.8050  0.1240
3.8100  0.1229
3.8150  0.1219
3.8200  0.1210
3.8250  0.1201
3.8300  0.1193
3.8350  0.1186
3.8400  0.1180
3.8450  0.1173
3.8500  0.1168
3.8550  0.1163
3.8600  0.1160
3.8650  0.1159
3.8700  0.1160
3.8750  0.1160
3.8800  0.1160
3.8850  0.1160
3.8900  0.1158
3.8950  0.1155
3.9000  0.1150
3.9050  0.1145
3.9100  0.1139
3.9150  0.1131
3.9200  0.1120
3.9250  0.1109
3.9300  0.1096
3.9350  0.1079
3.9400  0.1060
3.9450  0.1033
3.9500  0.1005
3.9550  0.0980
3.9600  0.0960
3.9650  0.0943
3.9700  0.0933
3.9750  0.0933
3.9800  0.0940
3.9850  0.0955
3.9900  0.0977
3.9950  0.1002
4.0000  0.1030
